2 0.2671875 0.1515625 0.38125 0.303125
2 0.309375 0.30703125 0.31875 0.3890625
2 0.34921875 0.55546875 0.2390625 0.1078125
2 0.546875 0.07734375 0.15625 0.1546875
2 0.83515625 0.07734375 0.3296875 0.1546875
2 0.546875 0.38203125 0.15625 0.4546875
2 0.8171875 0.3765625 0.365625 0.465625
2 0.734375 0.56328125 0.21875 0.0921875
2 0.103125 0.80390625 0.20625 0.3890625
2 0.33984375 0.84921875 0.2578125 0.3015625
2 1 1 1 0.609375 0.9423725328125 0.609375 0.91484375 0.6294921875 0.8609375 0.6927734375 0.8453125 0.7208984375 0.8265625 0.7849609375 0.8265625 0.8662109375 0.8375 0.9068359375 0.859375 0.9443359375 0.9069912468750001 1 1 1