3 0.09140625 0.15703125 0.1828125 0.3140625
2 0.111328125 0 0.111328125 0.1046875 0.5127308875 0.1046875 0.54794921875 0.0621826171875 0.5484375 0.051277668750000005 0.5484375 0 0.111328125 0
2 0.45625 0.43515625 0.20625 0.1296875
3 0.7796875 0.25 0.440625 0.5
3 0.24140625 0.615625 0.4828125 0.23125
3 0.47109375 0.66171875 0.1765625 0.3234375
2 0.27734375 0.928125 0.2765625 0.14375
2 0.65390625 0.54921875 0.1890625 0.0984375
2 0.8625 0.56171875 0.275 0.1234375
2 0.66640625 0.8359375 0.2140625 0.328125
3 0.8625 0.84921875 0.275 0.3015625