0 0.2359375 0.165625 0.2875 0.33125
1 0.2015625 0.484375 0.35625 0.190625
2 0.5 0.11953125 0.240625 0.2390625
3 0.83203125 0.09765625 0.3359375 0.1953125
2 0.3796875 0.5796875 0.5841315375 0.5796875 0.6046875 0.5361572265625 0.6140625 0.4158447265625 0.60546875 0.3791259765625 0.57109375 0.3963134765625 0.53671875 0.3994384765625 0.49921875 0.3869384765625 0.46953125 0.3650634765625 0.4390625 0.3142822265625 0.4140625 0.2033447265625 0.3921875 0.1955322265625 0.3796875 0.19604035625 0.3796875 0.5796875
2 0.90546875 0.36328125 0.1890625 0.3484375
1 0.18984375 0.6296875 0.3796875 0.1
0 0.1765625 0.84140625 0.353125 0.3171875
2 0.93359375 0.8421875 0.1328125 0.13125
2 0.75703125 0.89296875 0.2296875 0.1515625
2 0.915625 0.9359375 0.16875 0.128125
2 0.7640625 0.971875 0.209375 0.05625