2 0.0375 0.09375 0.075 0.1875
2 0.38671875 0.07421875 0.4265625 0.1484375
2 0.078125 0.32109375 0.15625 0.2515625
2 0.37109375 0.32578125 0.4171875 0.2484375
3 0.8703125 0.175 0.259375 0.35
2 0.8 0.353125 0.4 0.19375
2 0.40078125 0.54921875 0.3984375 0.1984375
2 0.07265625 0.83046875 0.1453125 0.3390625
2 0.39140625 0.81484375 0.4171875 0.3703125
3 0.79453125 0.54140625 0.3890625 0.1828125
2 0.6671875 0.778125 0.134375 0.340625
2 0.7484375 0.8875 0.296875 0.225
2 0.95625 0.85390625 0.0875 0.2921875