2 0.30625 0.11015625 0.112890625 0.113671875
2 0.38359375 0.1875 0.1125 0.1126953125
2 0.1828125 0.16015625 0.103515625 0.104296875
2 0.23671875 0.2828125 0.136328125 0.1369140625
2 0.74296875 0.184375 0.2859375 0.36875
2 0.896875 0.18125 0.20625 0.3625
0 0.0703125 0.6109375 0.140625 0.221875
0 0.496875 0.6953125 0.20625 0.390625
2 0.78984375 0.70859375 0.195703125 0.195703125
2 0.915625 0.84296875 0.16875 0.2359375
2 0.70703125 0.878125 0.2140625 0.24375
2 0.86015625 0.96796875 0.2328125 0.0640625