2 0.7015625 0.5786458333333333 0.32916666666666666 0.3104166666666667
2 0.4276041666666667 0.21614583333333334 0.140625 0.041666666666666664
2 0.2921875 0.44895833333333335 0.13229166666666667 0.346875
2 0.6588541666666666 0.3458333333333333 0.6458333333333334 0.20416666666666666
2 0.7770833333333333 0.24479166666666666 0.3104166666666667 0.12708333333333333
2 0.9427083333333334 0.23385416666666667 0.11458333333333333 0.0875
2 0.5088541666666667 0.5510416666666667 0.08958333333333333 0.23958333333333334
2 0.3807291666666667 0.71875 0.25625 0.12083333333333333
2 0.7536458333333333 0.7328125 0.4270833333333333 0.15
2 0.8255208333333334 0.8151041666666666 0.16666666666666666 0.06041666666666667
2 0.878125 0.8557291666666667 0.13333333333333333 0.04583333333333333