2 0.5791666666666667 0.6848958333333334 0.30364583333333334 0.32135416666666666
2 0.225 0.41770833333333335 0.040625 0.1375
2 0.45260416666666664 0.28541666666666665 0.3390625 0.12916666666666668
2 0.3515625 0.6432291666666666 0.2 0.6296875
2 0.2526041666666667 0.7588541666666667 0.1234375 0.30364583333333334
2 0.2453125 0.9234375 0.08385416666666666 0.11302083333333333
2 0.5520833333333334 0.496875 0.234375 0.08697916666666666
2 0.715625 0.371875 0.11822916666666666 0.25052083333333336
2 0.7296875 0.7359375 0.146875 0.41770833333333335
2 0.8098958333333334 0.8057291666666667 0.059895833333333336 0.16354166666666667
2 0.85 0.8578125 0.04479166666666667 0.13072916666666667