0 0.30364583333333334 0.4078125 0.07864583333333333 0.10572916666666667
0 0.4276041666666667 0.5619791666666667 0.07395833333333333 0.0953125
0 0.29635416666666664 0.5854166666666667 0.06666666666666667 0.06510416666666667
0 0.284375 0.6875 0.046875 0.0484375
0 0.36354166666666665 0.6484375 0.08020833333333334 0.05
0 0.3729166666666667 0.7479166666666667 0.0515625 0.05
0 0.47604166666666664 0.3828125 0.03125 0.058854166666666666
0 0.340625 0.2953125 0.0203125 0.0140625
0 0.5807291666666666 0.34375 0.017708333333333333 0.034375
0 0.5567708333333333 0.4109375 0.017708333333333333 0.023958333333333335
0 0.24166666666666667 0.37864583333333335 0.018229166666666668 0.025
0 0.18489583333333334 0.3854166666666667 0.015104166666666667 0.017708333333333333