0 0.3 0.4161458333333333 0.0875 0.0625
0 0.453125 0.2630208333333333 0.05416666666666667 0.08333333333333333
0 0.4510416666666667 0.33489583333333334 0.04791666666666667 0.029166666666666667
0 0.353125 0.278125 0.06145833333333333 0.07916666666666666
0 0.4005208333333333 0.23020833333333332 0.028125 0.01875
0 0.25416666666666665 0.32760416666666664 0.022916666666666665 0.03125
0 0.3067708333333333 0.2526041666666667 0.022916666666666665 0.01875
0 0.20885416666666667 0.378125 0.035416666666666666 0.0625
0 0.29635416666666664 0.5286458333333334 0.12916666666666668 0.09791666666666667
0 0.4036458333333333 0.525 0.026041666666666668 0.029166666666666667
0 0.3734375 0.38958333333333334 0.040625 0.046875