0 0.409375 0.2994791666666667 0.06041666666666667 0.0859375
0 0.259375 0.44947916666666665 0.08125 0.05260416666666667
0 0.32916666666666666 0.4473958333333333 0.028645833333333332 0.04635416666666667
0 0.27395833333333336 0.3515625 0.07760416666666667 0.06041666666666667
0 0.2265625 0.39791666666666664 0.01875 0.027604166666666666
0 0.321875 0.2546875 0.030729166666666665 0.022395833333333334
0 0.2484375 0.30625 0.01875 0.022395833333333334
0 0.37135416666666665 0.21041666666666667 0.0609375 0.035416666666666666
0 0.5192708333333333 0.29583333333333334 0.09583333333333334 0.1265625
0 0.5151041666666667 0.4010416666666667 0.028125 0.025520833333333333
0 0.3828125 0.37135416666666665 0.04583333333333333 0.03958333333333333