0 0.240625 0.50625 0.05520833333333333 0.08958333333333333
0 0.43645833333333334 0.5005208333333333 0.078125 0.07239583333333334
0 0.4473958333333333 0.63125 0.0484375 0.06354166666666666
0 0.28958333333333336 0.5885416666666666 0.059895833333333336 0.0640625
0 0.3390625 0.5791666666666667 0.015104166666666667 0.01875
0 0.5510416666666667 0.603125 0.020833333333333332 0.08072916666666667
0 0.5369791666666667 0.5 0.030729166666666665 0.024479166666666666
0 0.5442708333333334 0.5390625 0.015625 0.016666666666666666
0 0.35885416666666664 0.3098958333333333 0.016666666666666666 0.025520833333333333
0 0.46770833333333334 0.25364583333333335 0.017708333333333333 0.022916666666666665
0 0.5401041666666667 0.30052083333333335 0.016145833333333335 0.033854166666666664
0 0.3536458333333333 0.36614583333333334 0.0125 0.0109375
0 0.32864583333333336 0.5046875 0.0140625 0.013541666666666667
0 0.29791666666666666 0.5411458333333333 0.021875 0.016666666666666666
0 0.3541666666666667 0.4796875 0.010416666666666666 0.009375