0 0.5885416666666666 0.6932291666666667 0.10625 0.07916666666666666
0 0.4322916666666667 0.5682291666666667 0.09583333333333334 0.075
0 0.4088541666666667 0.7010416666666667 0.065625 0.06666666666666667
0 0.30520833333333336 0.7130208333333333 0.04895833333333333 0.04791666666666667
0 0.3453125 0.6328125 0.05 0.08125
0 0.24427083333333333 0.6234375 0.05 0.052083333333333336
0 0.6135416666666667 0.5192708333333333 0.059375 0.03125
0 0.7020833333333333 0.65625 0.014583333333333334 0.020833333333333332
0 0.653125 0.41354166666666664 0.035416666666666666 0.01875
0 0.5854166666666667 0.43802083333333336 0.025 0.01875
0 0.6177083333333333 0.7557291666666667 0.025 0.01875
0 0.6104166666666667 0.8135416666666667 0.017708333333333333 0.014583333333333334