0 0.39479166666666665 0.4125 0.09114583333333333 0.11979166666666667
0 0.4947916666666667 0.5234375 0.0578125 0.08125
0 0.3859375 0.5364583333333334 0.06354166666666666 0.04791666666666667
0 0.440625 0.5864583333333333 0.0515625 0.044270833333333336
0 0.44479166666666664 0.6645833333333333 0.03177083333333333 0.03333333333333333
0 0.3770833333333333 0.6234375 0.040625 0.044270833333333336
0 0.46927083333333336 0.6348958333333333 0.024479166666666666 0.019270833333333334
0 0.4859375 0.5864583333333333 0.023958333333333335 0.03697916666666667
0 0.5484375 0.3848958333333333 0.026041666666666668 0.05572916666666667
0 0.44166666666666665 0.309375 0.013020833333333334 0.020833333333333332
0 0.6276041666666666 0.359375 0.016145833333333335 0.030208333333333334