0 0.6973958333333333 0.4083333333333333 0.0875 0.06145833333333333
0 0.5447916666666667 0.25625 0.05416666666666667 0.08229166666666667
0 0.5473958333333333 0.32708333333333334 0.046875 0.029166666666666667
0 0.6442708333333333 0.2708333333333333 0.06145833333333333 0.07916666666666666
0 0.5973958333333333 0.22291666666666668 0.028125 0.01875
0 0.7427083333333333 0.31979166666666664 0.022916666666666665 0.03125
0 0.690625 0.2453125 0.022916666666666665 0.01875
0 0.7880208333333333 0.3697916666666667 0.035416666666666666 0.0625
0 0.7010416666666667 0.5197916666666667 0.12916666666666668 0.09791666666666667
0 0.5942708333333333 0.5161458333333333 0.026041666666666668 0.029166666666666667
0 0.6239583333333333 0.38177083333333334 0.03958333333333333 0.04583333333333333