0 0.4348958333333333 0.43645833333333334 0.07135416666666666 0.058854166666666666
0 0.46458333333333335 0.503125 0.03958333333333333 0.030208333333333334
0 0.6369791666666667 0.5078125 0.08385416666666666 0.1484375
0 0.6942708333333333 0.5213541666666667 0.019791666666666666 0.090625
0 0.6145833333333334 0.60625 0.08645833333333333 0.04114583333333333
0 0.5302083333333333 0.6338541666666667 0.0328125 0.027083333333333334
0 0.5572916666666666 0.5223958333333333 0.050520833333333334 0.058333333333333334
0 0.5390625 0.43645833333333334 0.04114583333333333 0.0328125
0 0.5338541666666666 0.3958333333333333 0.03697916666666667 0.022916666666666665
0 0.4901041666666667 0.3859375 0.017708333333333333 0.025
0 0.6010416666666667 0.37552083333333336 0.027083333333333334 0.030208333333333334
0 0.4166666666666667 0.37604166666666666 0.05 0.009895833333333333