0 0.4322916666666667 0.559375 0.071875 0.059375
0 0.4625 0.4921875 0.03958333333333333 0.03125
0 0.6364583333333333 0.4869791666666667 0.08541666666666667 0.15
0 0.6942708333333333 0.4734375 0.020833333333333332 0.09166666666666666
0 0.6135416666666667 0.3880208333333333 0.0875 0.041666666666666664
0 0.528125 0.35989583333333336 0.03333333333333333 0.027083333333333334
0 0.5557291666666667 0.47239583333333335 0.051041666666666666 0.058333333333333334
0 0.5375 0.5588541666666667 0.041666666666666664 0.03333333333333333
0 0.5317708333333333 0.6 0.0375 0.022916666666666665
0 0.48802083333333335 0.6104166666666667 0.017708333333333333 0.025
0 0.6 0.6208333333333333 0.027083333333333334 0.030208333333333334
0 0.41354166666666664 0.6203125 0.05 0.010416666666666666