0 0.4921875 0.7598958333333333 0.04375 0.03854166666666667
0 0.45625 0.675 0.025 0.017708333333333333
0 0.5635416666666667 0.68125 0.022916666666666665 0.026041666666666668
0 0.5614583333333333 0.5859375 0.06145833333333333 0.08541666666666667
0 0.5088541666666667 0.5151041666666667 0.06458333333333334 0.052083333333333336
0 0.5697916666666667 0.49583333333333335 0.03125 0.06979166666666667
0 0.6046875 0.53125 0.010416666666666666 0.0125
0 0.40572916666666664 0.4354166666666667 0.03125 0.025
0 0.5265625 0.38333333333333336 0.01875 0.014583333333333334
0 0.4875 0.5989583333333334 0.03125 0.03958333333333333
0 0.46510416666666665 0.5572916666666666 0.036458333333333336 0.023958333333333335
0 0.4328125 0.5583333333333333 0.008333333333333333 0.0125
0 0.5572916666666666 0.428125 0.027083333333333334 0.0125
0 0.43333333333333335 0.47760416666666666 0.016666666666666666 0.029166666666666667
0 0.38333333333333336 0.49166666666666664 0.016666666666666666 0.014583333333333334
0 0.3734375 0.46197916666666666 0.028125 0.01875