0 0.24427083333333333 0.4979166666666667 0.03958333333333333 0.04375
0 0.3302083333333333 0.46145833333333336 0.017708333333333333 0.025
0 0.32395833333333335 0.5703125 0.027083333333333334 0.023958333333333335
0 0.4203125 0.5682291666666667 0.08541666666666667 0.0625
0 0.49166666666666664 0.5151041666666667 0.053125 0.065625
0 0.5114583333333333 0.5770833333333333 0.07083333333333333 0.03125
0 0.47552083333333334 0.6119791666666666 0.013541666666666667 0.010416666666666666
0 0.571875 0.4109375 0.025 0.03229166666666667
0 0.625 0.5328125 0.014583333333333334 0.01875
0 0.40729166666666666 0.49375 0.03958333333333333 0.03125
0 0.44895833333333335 0.4713541666666667 0.023958333333333335 0.0375
0 0.4479166666666667 0.43802083333333336 0.0125 0.008333333333333333
0 0.5796875 0.5640625 0.0125 0.027083333333333334
0 0.5296875 0.43854166666666666 0.029166666666666667 0.017708333333333333
0 0.515625 0.3885416666666667 0.014583333333333334 0.016666666666666666
0 0.5453125 0.378125 0.019791666666666666 0.029166666666666667