0 0.490625 0.24375 0.04375 0.03854166666666667
0 0.4546875 0.328125 0.023958333333333335 0.017708333333333333
0 0.5619791666666667 0.3223958333333333 0.0234375 0.026041666666666668
0 0.559375 0.4171875 0.06145833333333333 0.084375
0 0.5072916666666667 0.4869791666666667 0.06458333333333334 0.05260416666666667
0 0.5682291666666667 0.5067708333333333 0.03125 0.06927083333333334
0 0.6026041666666667 0.4713541666666667 0.010416666666666666 0.013020833333333334
0 0.4046875 0.5661458333333333 0.03177083333333333 0.024479166666666666
0 0.525 0.61875 0.019270833333333334 0.015104166666666667
0 0.4859375 0.4041666666666667 0.030729166666666665 0.0390625
0 0.4640625 0.4453125 0.036458333333333336 0.0234375
0 0.4317708333333333 0.44427083333333334 0.008333333333333333 0.0125
0 0.5557291666666667 0.5739583333333333 0.027083333333333334 0.0125
0 0.4322916666666667 0.5244791666666667 0.0171875 0.028645833333333332
0 0.3828125 0.5104166666666666 0.016145833333333335 0.014583333333333334
0 0.3729166666666667 0.5401041666666667 0.028125 0.019270833333333334