0 0.5041666666666667 0.759375 0.08958333333333333 0.05520833333333333
0 0.4984375 0.5625 0.07291666666666667 0.07916666666666666
0 0.6296875 0.5515625 0.06458333333333334 0.04791666666666667
0 0.5869791666666667 0.7104166666666667 0.06458333333333334 0.06041666666666667
0 0.5776041666666667 0.6598958333333333 0.01875 0.014583333333333334
0 0.6015625 0.4473958333333333 0.08125 0.020833333333333332
0 0.4979166666666667 0.46145833333333336 0.025 0.03125
0 0.5369791666666667 0.45416666666666666 0.016666666666666666 0.015625
0 0.3072916666666667 0.640625 0.026041666666666668 0.016666666666666666
0 0.25 0.53125 0.022916666666666665 0.017708333333333333
0 0.29739583333333336 0.4583333333333333 0.03333333333333333 0.016666666666666666
0 0.36354166666666665 0.6458333333333334 0.010416666666666666 0.0125
0 0.5026041666666666 0.6708333333333333 0.013541666666666667 0.014583333333333334
0 0.5395833333333333 0.7015625 0.016666666666666666 0.022916666666666665
0 0.47760416666666666 0.6453125 0.009375 0.010416666666666666