3 0.13984375 0.0671875 0.2796875 0.134375
2 0.0796875 0.19921875 0.159375 0.2390625
2 0.45234375 0.19921875 0.2140625 0.2390625
2 0.41875 0.26875 0.146875 0.1
0 0.7796875 0.06171875 0.440625 0.1234375
0 0.69921875 0.1609375 0.2796875 0.121875
0 0.8515625 0.2265625 0.296875 0.184375
0 0.5984375 0.209375 0.078125 0.21875
0 0.0921875 0.49296875 0.184375 0.3484375
0 0.4015625 0.5328125 0.315625 0.428125
0 0.121875 0.8734375 0.24375 0.253125
1 0.41015625 0.97734375 0.2984375 0.0453125
2 0.73515625 0.7734375 0.2609375 0.453125