3 0.13203125 0.2734375 0.2640625 0.353125
2 0.40625 0.21484375 0.325 0.4296875
3 0.68671875 0.071875 0.2359375 0.14375
3 0.5984375 0.278125 0.059375 0.29375
2 0.93671875 0.38046875 0.1265625 0.2390625
0 0.125 0.58046875 0.25 0.1609375
1 0.10078125 0.95234375 0.2015625 0.0953125
0 0.56875 0.869375 0.557421875 0.853515625 0.507421875 0.823828125 0.466796875 0.809765625 0.388671875 0.800390625 0.346484375 0.808203125 0.316796875 0.820703125 0.303515625 0.8319010421874999 0.303515625 1 0.505078125 1 0.505078125 0.963671875 0.517578125 0.933984375 0.548046875 0.897265625 0.56875 0.885515203125 0.56875 0.869375
3 0.70234375 0.64375 0.2671875 0.2875
2 0.7109375 0.90234375 0.284375 0.1953125
2 0.9015625 0.909375 0.196875 0.18125