0 0.08828125 0.18671875 0.1765625 0.3734375
0 0.27890625 0.05546875 0.2359375 0.1109375
0 0.4140625 0.09921875 0.109375 0.1984375
0 0.378125 0.26640625 0.18125 0.2578125
0 0.08125 0.515625 0.1625 0.228125
1 0.3125 0.5125 0.3125 0.234375
2 0.6515625 0.26171875 0.091015625 0.091796875
2 0.55 0.2921875 0.1625 0.146875
3 0.85078125 0.1546875 0.2984375 0.309375
3 0.84140625 0.5390625 0.3171875 0.18125
0 0.16015625 0.81484375 0.3203125 0.3703125
2 0.5265625 0.759375 0.115625 0.234375
3 0.7546875 0.81484375 0.48125 0.3703125