1 0.17734375 0.52265625 0.2296875 0.2140625
1 0.2171875 0.73359375 0.1890625 0.1796875
1 0.37734375 0.94140625 0.1359375 0.1171875
1 0.5265625 0.9390625 0.184375 0.121875
1 0.49609375 0.9875 0.1890625 0.025
1 0.52109375 0.50234375 0.1046875 0.1125
1 0.34296875 0.54921875 0.084375 0.0796875
1 0.86640625 0.5453125 0.2671875 0.23125
1 0.13125 0.1046875 0.1421875 0.1375
1 0.1875 0.215625 0.1171875 0.1046875
1 0.26171875 0.35234375 0.2125 0.209375
1 0.465625 0.38515625 0.2203125 0.20625
1 0.7421875 0.190625 0.171875 0.1546875
1 0.821875 0.32109375 0.175 0.1546875
1 0.83515625 0.42265625 0.1234375 0.1234375
0 0.4484375 0.63515625 0.35625 0.31875
1 0.30078125 0.10859375 0.209375 0.178125