1 0.25234375 0.6203125 0.0984375 0.0859375
1 0.0515625 0.63828125 0.071875 0.0671875
1 0.52734375 0.6265625 0.0671875 0.090625
1 0.75078125 0.63203125 0.0546875 0.0671875
1 0.66953125 0.67421875 0.0390625 0.09375
1 0.2609375 0.703125 0.1 0.0875
1 0.8484375 0.73515625 0.0609375 0.0671875
1 0.9359375 0.75390625 0.06875 0.1140625
1 0.0921875 0.7390625 0.08125 0.0734375
1 0.57265625 0.78203125 0.090625 0.084375
1 0.4984375 0.78671875 0.0640625 0.0875
1 0.26328125 0.80703125 0.0609375 0.10625
1 0.8046875 0.84765625 0.06875 0.0890625
1 0.88203125 0.87421875 0.059375 0.10625
1 0.3359375 0.884375 0.0546875 0.1078125
1 0.64296875 0.88671875 0.0765625 0.0953125
1 0.72578125 0.87578125 0.09375 0.09375
1 0.52890625 0.94375 0.0765625 0.10625
1 0.134375 0.97109375 0.0625 0.0578125
1 0.6921875 0.16015625 0.334375 0.2265625
1 0.64453125 0.38515625 0.39375 0.215625