1 0.0765625 0.85078125 0.153125 0.2984375
1 0.35703125 0.76484375 0.090625 0.2015625
1 0.2859375 0.865625 0.084375 0.171875
1 0.140625 0.609375 0.0984375 0.196875
1 0.05859375 0.2046875 0.0859375 0.159375
1 0.59765625 0.59140625 0.06875 0.1359375
1 0.74453125 0.78359375 0.103125 0.1859375
1 0.8046875 0.89453125 0.0625 0.1046875
0 0.8421875 0.65234375 0.153125 0.3046875
0 0.690625 0.52890625 0.1171875 0.3078125
0 0.4734375 0.5828125 0.1875 0.390625
0 0.33515625 0.35234375 0.175 0.3609375
0 0.175 0.3078125 0.165625 0.334375
0 0.5234375 0.13359375 0.175 0.2609375