1 0.9234375 0.85078125 0.153125 0.2984375
1 0.64296875 0.76484375 0.090625 0.2015625
1 0.7140625 0.865625 0.084375 0.171875
1 0.859375 0.609375 0.0984375 0.196875
1 0.94140625 0.2046875 0.0859375 0.159375
1 0.40234375 0.59140625 0.06875 0.1359375
1 0.25546875 0.78359375 0.103125 0.1859375
1 0.1953125 0.89453125 0.0625 0.1046875
0 0.1578125 0.65234375 0.153125 0.3046875
0 0.309375 0.52890625 0.1171875 0.3078125
0 0.5265625 0.5828125 0.1875 0.390625
0 0.66484375 0.35234375 0.175 0.3609375
0 0.825 0.3078125 0.165625 0.334375
0 0.4765625 0.13359375 0.175 0.2609375