1 0.9234375 0.859375 0.153125 0.28125
1 0.6375 0.78359375 0.09375 0.2078125
1 0.7109375 0.8875 0.0875 0.175
1 0.86015625 0.6234375 0.1015625 0.203125
1 0.94453125 0.20703125 0.0890625 0.1640625
1 0.38984375 0.60546875 0.071875 0.140625
1 0.2390625 0.803125 0.10625 0.190625
1 0.1765625 0.9171875 0.065625 0.109375
0 0.13828125 0.66796875 0.1578125 0.3125
0 0.29453125 0.540625 0.1203125 0.315625
0 0.51796875 0.59609375 0.19375 0.4015625
0 0.66015625 0.359375 0.1796875 0.371875
0 0.825 0.31328125 0.16875 0.34375
0 0.46640625 0.134375 0.1796875 0.26875