1 0.2015625 0.7625 0.0828125 0.1265625
1 0.34921875 0.57265625 0.0359375 0.059375
1 0.39140625 0.4546875 0.046875 0.071875
1 0.42578125 0.56328125 0.03125 0.046875
1 0.44921875 0.6703125 0.0734375 0.125
1 0.49765625 0.60625 0.046875 0.0703125
1 0.59765625 0.65 0.0859375 0.1296875
1 0.5609375 0.72578125 0.0515625 0.1125
1 0.3390625 0.4125 0.0421875 0.0578125
1 0.67578125 0.44453125 0.040625 0.08125
1 0.76171875 0.4 0.0375 0.084375
1 0.69453125 0.51171875 0.0390625 0.0578125
1 0.65390625 0.5921875 0.059375 0.0984375
1 0.73984375 0.578125 0.0625 0.0703125