1 0.1765625 0.51875 0.20625 0.190625
1 0.209375 0.7109375 0.16875 0.1609375
1 0.3515625 0.90625 0.121875 0.1125
1 0.4875 0.9203125 0.165625 0.140625
1 0.459375 0.96875 0.171875 0.0625
1 0.48984375 0.50546875 0.09375 0.1015625
1 0.3265625 0.5453125 0.075 0.071875
1 0.80390625 0.55 0.240625 0.20625
1 0.14140625 0.13828125 0.128125 0.121875
1 0.190625 0.23984375 0.1046875 0.09375
1 0.25546875 0.365625 0.190625 0.1875
1 0.44140625 0.39765625 0.196875 0.184375
1 0.6953125 0.225 0.153125 0.1375
1 0.765625 0.3453125 0.15625 0.1375
1 0.7765625 0.43828125 0.1109375 0.1109375
0 0.42109375 0.625 0.31875 0.284375
1 0.2953125 0.14453125 0.1875 0.159375