1 0.8234375 0.51875 0.20625 0.190625
1 0.790625 0.7109375 0.16875 0.1609375
1 0.6484375 0.90625 0.121875 0.1125
1 0.5125 0.9203125 0.165625 0.140625
1 0.540625 0.96875 0.171875 0.0625
1 0.51015625 0.50546875 0.09375 0.1015625
1 0.6734375 0.5453125 0.075 0.071875
1 0.19609375 0.55 0.240625 0.20625
1 0.85859375 0.13828125 0.128125 0.121875
1 0.809375 0.23984375 0.1046875 0.09375
1 0.74453125 0.365625 0.190625 0.1875
1 0.55859375 0.39765625 0.196875 0.184375
1 0.3046875 0.225 0.153125 0.1375
1 0.234375 0.3453125 0.15625 0.1375
1 0.2234375 0.43828125 0.1109375 0.1109375
0 0.57890625 0.625 0.31875 0.284375
1 0.7046875 0.14453125 0.1875 0.159375