1 0.82265625 0.52265625 0.2296875 0.2140625
1 0.7828125 0.73359375 0.1890625 0.1796875
1 0.62265625 0.94140625 0.1359375 0.1171875
1 0.4734375 0.9390625 0.184375 0.121875
1 0.50390625 0.9875 0.1890625 0.025
1 0.47890625 0.50234375 0.1046875 0.1125
1 0.65703125 0.54921875 0.084375 0.0796875
1 0.13359375 0.5453125 0.2671875 0.23125
1 0.86875 0.1046875 0.1421875 0.1375
1 0.8125 0.215625 0.1171875 0.1046875
1 0.73828125 0.35234375 0.2125 0.209375
1 0.534375 0.38515625 0.2203125 0.20625
1 0.2578125 0.190625 0.171875 0.1546875
1 0.178125 0.32109375 0.175 0.1546875
1 0.16484375 0.42265625 0.1234375 0.1234375
0 0.5515625 0.63515625 0.35625 0.31875
1 0.69921875 0.10859375 0.209375 0.178125