1 0.1796875 0.56328125 0.1265625 0.1171875
1 0.00546875 0.53046875 0.0109375 0.0765625
1 0.46484375 0.64609375 0.0953125 0.1125
1 0.69765625 0.71484375 0.0765625 0.0859375
1 0.6 0.73515625 0.0671875 0.109375
1 0.165625 0.6515625 0.128125 0.11875
1 0.7703125 0.85 0.0828125 0.0875
1 0.85625 0.89375 0.103125 0.1390625
1 0.015625 0.6421875 0.03125 0.096875
1 0.46875 0.821875 0.1171875 0.1125
1 0.38984375 0.80546875 0.0921875 0.109375
1 0.1390625 0.7609375 0.09375 0.128125
1 0.6921875 0.94921875 0.096875 0.1015625
1 0.76640625 0.96953125 0.0921875 0.0609375
1 0.19375 0.86171875 0.0875 0.128125
1 0.5125 0.94453125 0.10625 0.1109375
1 0.6015625 0.94921875 0.125 0.1015625
1 0.38515625 0.95390625 0.096875 0.0828125
1 0.76796875 0.20546875 0.4125 0.33125
1 0.65546875 0.4265625 0.471875 0.334375