1 0.50859375 0.45625 0.14375 0.1015625
1 0.715625 0.69140625 0.20625 0.1953125
1 0.11015625 0.55703125 0.2203125 0.2203125
1 0.5609375 0.6796875 0.1546875 0.146875
1 0.33203125 0.65078125 0.1640625 0.159375
1 0.03203125 0.62734375 0.0640625 0.1796875
1 0.36953125 0.78671875 0.196875 0.175
1 0.25 0.784375 0.1140625 0.109375
1 0.61875 0.87421875 0.1546875 0.146875
1 0.76875 0.9296875 0.24375 0.140625
1 0.353125 0.12734375 0.1359375 0.11875
1 0.778125 0.23828125 0.2484375 0.253125
0 0.5171875 0.38203125 0.3421875 0.3359375
0 0.68125 0.53046875 0.296875 0.2484375
0 0.87265625 0.7578125 0.2015625 0.25625