1 0.565625 0.1421875 0.2765625 0.16875
1 0.26875 0.2953125 0.23125 0.1484375
1 0.14609375 0.559375 0.165625 0.0734375
1 0.57109375 0.3578125 0.11875 0.08125
1 0.78359375 0.690625 0.1375 0.090625
1 0.590625 0.86953125 0.13125 0.059375
1 0.28125 0.84375 0.08125 0.0484375
1 0.25859375 0.625 0.121875 0.059375
0 0.29375 0.44921875 0.2109375 0.075
0 0.1046875 0.3265625 0.1671875 0.090625
1 0.55546875 0.51015625 0.109375 0.0890625
1 0.77734375 0.3953125 0.1109375 0.11875
1 0.378125 0.91328125 0.128125 0.0453125