1 0.80859375 0.5359375 0.3546875 0.39375
1 0.75703125 0.84453125 0.3828125 0.3109375
1 0.51328125 0.67265625 0.2609375 0.31875
1 0.56015625 0.44921875 0.253125 0.2328125
1 0.37578125 0.61328125 0.203125 0.246875
1 0.31640625 0.41484375 0.2375 0.2890625
1 0.13125 0.42890625 0.2515625 0.2796875
1 0.86640625 0.2921875 0.1859375 0.20625
1 0.16484375 0.26484375 0.209375 0.2015625
1 0.378125 0.21875 0.21875 0.2453125
1 0.54609375 0.09765625 0.1578125 0.19375
1 0.76953125 0.16640625 0.1203125 0.1578125