1 0.3296875 0.14765625 0.328125 0.2421875
1 0.675 0.2359375 0.2765625 0.209375
1 0.865625 0.48046875 0.190625 0.115625
1 0.37578125 0.3734375 0.14375 0.1140625
1 0.234375 0.76953125 0.165625 0.128125
1 0.478125 0.91015625 0.15 0.09375
1 0.79296875 0.80859375 0.0953125 0.0703125
1 0.76484375 0.57578125 0.140625 0.090625
0 0.6859375 0.4015625 0.2375 0.128125
0 0.85234375 0.22890625 0.1953125 0.134375
1 0.42890625 0.52734375 0.134375 0.11875
1 0.1703125 0.46171875 0.14375 0.15
1 0.709375 0.90390625 0.14375 0.078125