1 0.771875 0.6171875 0.11875 0.1484375
1 0.6796875 0.6765625 0.0859375 0.1328125
1 0.67109375 0.54921875 0.0671875 0.0921875
1 0.575 0.56875 0.071875 0.08125
1 0.49765625 0.50859375 0.0671875 0.09375
1 0.54609375 0.740625 0.2203125 0.290625
1 0.4484375 0.6671875 0.178125 0.24375
1 0.48046875 0.35625 0.1078125 0.134375
1 0.3015625 0.33203125 0.1421875 0.14375
1 0.35703125 0.43984375 0.0859375 0.1109375
1 0.2828125 0.46640625 0.1140625 0.153125
1 0.21484375 0.3421875 0.0875 0.0828125
1 0.10234375 0.31875 0.046875 0.0640625
1 0.4390625 0.51328125 0.1296875 0.15
1 0.41484375 0.38828125 0.0625 0.0765625