1 0.24375 0.6375 0.10625 0.1375
1 0.340625 0.6875 0.075 0.125
1 0.3375 0.56171875 0.059375 0.0859375
1 0.43359375 0.57265625 0.0640625 0.075
1 0.5046875 0.50703125 0.059375 0.0875
1 0.4765625 0.7390625 0.1953125 0.271875
1 0.56640625 0.6578125 0.15625 0.228125
1 0.50859375 0.35546875 0.0953125 0.125
1 0.68203125 0.31640625 0.1296875 0.13125
1 0.6375 0.4265625 0.0765625 0.103125
1 0.7125 0.446875 0.1 0.14375
1 0.76875 0.31875 0.0796875 0.075
1 0.87734375 0.2859375 0.040625 0.059375
1 0.5625 0.50625 0.115625 0.1375
1 0.57578125 0.38125 0.05625 0.071875