2 0.26484375 0.040625 0.2703125 0.08125
2 0.2796875 0.3875 0.240625 0.125
3 0.50546875 0.159375 0.2109375 0.31875
3 0.81875 0.17265625 0.3625 0.3453125
3 0.1796875 0.621875 0.359375 0.34375
3 0.16796875 0.88515625 0.3359375 0.2296875
2 0.5390625 0.521875 0.278125 0.14375
2 0.6703125 0.57421875 0.271875 0.2484375
2 0.43984375 0.60234375 0.0796875 0.2703125
2 0.89296875 0.58828125 0.2140625 0.2765625
2 0.4546875 0.86171875 0.109375 0.2765625
2 0.6078125 0.86171875 0.35 0.2765625
3 0.89140625 0.89921875 0.2171875 0.2015625