2 0.26171875 0.08359375 0.0609375 0.0609375
2 0.1875 0.06640625 0.065625 0.0640625
2 0.1546875 0.125 0.075 0.046875
2 0.24140625 0.16796875 0.078125 0.078125
2 0.1984375 0.46328125 0.2625 0.0734375
0 0.81953125 0.25 0.3609375 0.5
2 0.028125 0.53671875 0.05625 0.0578125
2 0.02734375 0.58984375 0.0546875 0.0640625
2 0.4765625 0.57421875 0.325 0.1484375
2 0.43515625 0.64375 0.3171875 0.2875
2 0.459375 0.93828125 0.359375 0.1234375
2 0.6953125 0.7046875 0.1125 0.11875
2 0.87578125 0.64375 0.2484375 0.2875