2 0.42604166666666665 0.3109375 0.3104166666666667 0.32916666666666666
2 0.7885416666666667 0.584375 0.041666666666666664 0.140625
2 0.5552083333333333 0.7197916666666667 0.346875 0.13229166666666667
2 0.6588541666666666 0.353125 0.20416666666666666 0.6458333333333334
2 0.7598958333333333 0.23489583333333333 0.12708333333333333 0.3104166666666667
2 0.7677083333333333 0.06614583333333333 0.08541666666666667 0.115625
2 0.45364583333333336 0.503125 0.23958333333333334 0.08958333333333333
2 0.2859375 0.63125 0.12083333333333333 0.25625
2 0.271875 0.25833333333333336 0.15 0.4270833333333333
2 0.18958333333333333 0.18645833333333334 0.06041666666666667 0.16666666666666666
2 0.14895833333333333 0.13385416666666666 0.04583333333333333 0.13333333333333333