0 0.39947916666666666 0.4354166666666667 0.16458333333333333 0.13958333333333334
0 0.3796875 0.6546875 0.08854166666666667 0.07708333333333334
0 0.55625 0.5916666666666667 0.1125 0.07083333333333333
0 0.5536458333333333 0.34479166666666666 0.1125 0.075
0 0.32864583333333336 0.5510416666666667 0.0875 0.05
0 0.2546875 0.6010416666666667 0.023958333333333335 0.025
0 0.27395833333333336 0.6473958333333333 0.04479166666666667 0.0375
0 0.3104166666666667 0.3177083333333333 0.090625 0.01875
0 0.49166666666666664 0.6526041666666667 0.052083333333333336 0.03958333333333333
0 0.55 0.6588541666666666 0.028125 0.022916666666666665
0 0.3546875 0.7244791666666667 0.04791666666666667 0.027083333333333334
0 0.3046875 0.7067708333333333 0.020833333333333332 0.020833333333333332
0 0.3255208333333333 0.2921875 0.022916666666666665 0.014583333333333334
0 0.35208333333333336 0.2765625 0.008333333333333333 0.011458333333333333
0 0.38645833333333335 0.2921875 0.020833333333333332 0.0125