0 0.5875 0.39479166666666665 0.11979166666666667 0.09166666666666666
0 0.4765625 0.4947916666666667 0.08125 0.058333333333333334
0 0.4635416666666667 0.3859375 0.04791666666666667 0.06354166666666666
0 0.41354166666666664 0.440625 0.04375 0.052083333333333336
0 0.33541666666666664 0.44479166666666664 0.03333333333333333 0.03125
0 0.3765625 0.3770833333333333 0.04375 0.040625
0 0.3651041666666667 0.46927083333333336 0.01875 0.025
0 0.41354166666666664 0.4859375 0.0375 0.023958333333333335
0 0.6151041666666667 0.5484375 0.05625 0.026041666666666668
0 0.690625 0.44166666666666665 0.020833333333333332 0.0125
0 0.640625 0.6276041666666666 0.030208333333333334 0.016666666666666666