0 0.4328125 0.4390625 0.059375 0.071875
0 0.5 0.46927083333333336 0.03125 0.03958333333333333
0 0.5046875 0.6432291666666666 0.15 0.08541666666666667
0 0.5182291666666666 0.7010416666666667 0.09166666666666666 0.020833333333333332
0 0.6041666666666666 0.6203125 0.041666666666666664 0.0875
0 0.6322916666666667 0.5348958333333333 0.027083333333333334 0.03333333333333333
0 0.5197916666666667 0.5625 0.058333333333333334 0.051041666666666666
0 0.4328125 0.5442708333333334 0.03333333333333333 0.041666666666666664
0 0.39166666666666666 0.5385416666666667 0.022916666666666665 0.0375
0 0.38125 0.4947916666666667 0.025 0.017708333333333333
0 0.37083333333333335 0.6067708333333334 0.030208333333333334 0.027083333333333334
0 0.37135416666666665 0.4203125 0.010416666666666666 0.05