0 0.7671875 0.5166666666666667 0.05625 0.09166666666666666
0 0.5671875 0.5109375 0.07916666666666666 0.07395833333333333
0 0.55625 0.6442708333333333 0.05 0.06458333333333334
0 0.7171875 0.6005208333333333 0.06041666666666667 0.06458333333333334
0 0.6666666666666666 0.5911458333333334 0.015625 0.01875
0 0.4505208333333333 0.615625 0.020833333333333332 0.08229166666666667
0 0.46458333333333335 0.5104166666666666 0.03125 0.025
0 0.45729166666666665 0.55 0.016666666666666666 0.016666666666666666
0 0.6463541666666667 0.31614583333333335 0.016666666666666666 0.026041666666666668
0 0.5354166666666667 0.25833333333333336 0.01875 0.022916666666666665
0 0.46145833333333336 0.30625 0.016666666666666666 0.034375
0 0.6520833333333333 0.3734375 0.0125 0.010416666666666666
0 0.6770833333333334 0.5151041666666667 0.014583333333333334 0.013541666666666667
0 0.7088541666666667 0.5526041666666667 0.022916666666666665 0.016666666666666666
0 0.6510416666666666 0.4895833333333333 0.010416666666666666 0.010416666666666666