0 0.5921875 0.6963541666666667 0.10625 0.07916666666666666
0 0.43802083333333336 0.5723958333333333 0.09583333333333334 0.07395833333333333
0 0.41458333333333336 0.7036458333333333 0.06458333333333334 0.06666666666666667
0 0.3125 0.715625 0.04791666666666667 0.046875
0 0.3515625 0.6364583333333333 0.05 0.08020833333333334
0 0.2520833333333333 0.6270833333333333 0.05 0.052083333333333336
0 0.6171875 0.5239583333333333 0.058333333333333334 0.03125
0 0.7046875 0.659375 0.014583333333333334 0.020833333333333332
0 0.65625 0.4192708333333333 0.034375 0.017708333333333333
0 0.5890625 0.4432291666666667 0.023958333333333335 0.017708333333333333
0 0.6213541666666667 0.7583333333333333 0.025 0.01875
0 0.6145833333333334 0.8151041666666666 0.017708333333333333 0.014583333333333334