0 0.6942708333333333 0.5875 0.1625 0.13020833333333334
0 0.6671875 0.5 0.03125 0.030208333333333334
0 0.5671875 0.6677083333333333 0.06041666666666667 0.04895833333333333
0 0.5859375 0.6239583333333333 0.022916666666666665 0.016666666666666666
0 0.6473958333333333 0.6895833333333333 0.03333333333333333 0.019791666666666666
0 0.6114583333333333 0.7010416666666667 0.0125 0.017708333333333333
0 0.7161458333333334 0.6921875 0.0125 0.010416666666666666
0 0.6979166666666666 0.7015625 0.013541666666666667 0.013541666666666667
0 0.7375 0.6802083333333333 0.00625 0.008333333333333333
0 0.5203125 0.68125 0.008333333333333333 0.008333333333333333
0 0.5026041666666666 0.5692708333333333 0.00625 0.00625
0 0.5270833333333333 0.5854166666666667 0.005208333333333333 0.005208333333333333
0 0.5104166666666666 0.4708333333333333 0.008333333333333333 0.00625