0 0.6057291666666667 0.55625 0.16458333333333333 0.13958333333333334
0 0.6255208333333333 0.3380208333333333 0.0875 0.07604166666666666
0 0.45 0.4010416666666667 0.1125 0.07083333333333333
0 0.45260416666666664 0.6463541666666667 0.11145833333333334 0.07395833333333333
0 0.6760416666666667 0.44114583333333335 0.0875 0.04895833333333333
0 0.75 0.39114583333333336 0.023958333333333335 0.025
0 0.7307291666666667 0.34479166666666666 0.04479166666666667 0.0375
0 0.6942708333333333 0.6734375 0.08958333333333333 0.01875
0 0.5140625 0.34010416666666665 0.052083333333333336 0.03854166666666667
0 0.45625 0.3338541666666667 0.028125 0.022916666666666665
0 0.6505208333333333 0.26875 0.04791666666666667 0.027083333333333334
0 0.7 0.2864583333333333 0.020833333333333332 0.020833333333333332
0 0.6796875 0.6984375 0.022916666666666665 0.014583333333333334
0 0.653125 0.7140625 0.008333333333333333 0.011458333333333333
0 0.61875 0.6984375 0.020833333333333332 0.0125