0 0.3984375 0.4421875 0.1625 0.1375
0 0.3796875 0.6578125 0.08697916666666666 0.075
0 0.5526041666666667 0.5958333333333333 0.1109375 0.0703125
0 0.55 0.35260416666666666 0.11041666666666666 0.0734375
0 0.32916666666666666 0.5557291666666667 0.08645833333333333 0.0484375
0 0.25625 0.6052083333333333 0.0234375 0.025520833333333333
0 0.275 0.6510416666666666 0.044270833333333336 0.036458333333333336
0 0.3109375 0.3260416666666667 0.0890625 0.018229166666666668
0 0.4895833333333333 0.6557291666666667 0.051041666666666666 0.03854166666666667
0 0.546875 0.6619791666666667 0.027604166666666666 0.0234375
0 0.3546875 0.7265625 0.04739583333333333 0.027083333333333334
0 0.30572916666666666 0.709375 0.020833333333333332 0.0203125
0 0.3255208333333333 0.3015625 0.022395833333333334 0.0140625
0 0.35208333333333336 0.2859375 0.0078125 0.011458333333333333
0 0.3859375 0.30104166666666665 0.020833333333333332 0.011979166666666667