0 0.6052083333333333 0.4125 0.09166666666666666 0.11979166666666667
0 0.5052083333333334 0.5234375 0.058333333333333334 0.08125
0 0.6140625 0.5364583333333334 0.06354166666666666 0.04791666666666667
0 0.559375 0.5864583333333333 0.052083333333333336 0.04375
0 0.5552083333333333 0.6645833333333333 0.03125 0.03333333333333333
0 0.6229166666666667 0.6234375 0.040625 0.04375
0 0.5307291666666667 0.6348958333333333 0.025 0.01875
0 0.5140625 0.5864583333333333 0.023958333333333335 0.0375
0 0.4515625 0.3848958333333333 0.026041666666666668 0.05625
0 0.5583333333333333 0.309375 0.0125 0.020833333333333332
0 0.3723958333333333 0.359375 0.016666666666666666 0.030208333333333334