0 0.4109375 0.30885416666666665 0.1296875 0.1625
0 0.4979166666666667 0.33645833333333336 0.0296875 0.03125
0 0.3307291666666667 0.4354166666666667 0.04895833333333333 0.059895833333333336
0 0.37447916666666664 0.4171875 0.016666666666666666 0.022916666666666665
0 0.309375 0.35572916666666665 0.019791666666666666 0.03333333333333333
0 0.29791666666666666 0.39114583333333336 0.017708333333333333 0.011979166666666667
0 0.3067708333333333 0.2869791666666667 0.009895833333333333 0.011979166666666667
0 0.29791666666666666 0.30520833333333336 0.013541666666666667 0.013020833333333334
0 0.3182291666666667 0.26614583333333336 0.008333333333333333 0.00625
0 0.3177083333333333 0.4822916666666667 0.008333333333333333 0.008854166666666666
0 0.42864583333333334 0.5 0.005729166666666666 0.0067708333333333336
0 0.41302083333333334 0.47552083333333334 0.005208333333333333 0.005208333333333333
0 0.5270833333333333 0.4921875 0.00625 0.008333333333333333