1 0.23203125 0.80078125 0.0984375 0.1375
1 0.3578125 0.59140625 0.04375 0.0640625
1 0.38515625 0.46796875 0.05625 0.078125
1 0.43359375 0.57265625 0.0375 0.05
1 0.46953125 0.67734375 0.0890625 0.134375
1 0.5109375 0.60703125 0.05625 0.0765625
1 0.6171875 0.63828125 0.1015625 0.140625
1 0.5890625 0.71953125 0.065625 0.1203125
1 0.32734375 0.43203125 0.05 0.0640625
1 0.6703125 0.42265625 0.05 0.0859375
1 0.75078125 0.3671875 0.0484375 0.0890625
1 0.696875 0.4875 0.046875 0.0625
1 0.665625 0.5734375 0.071875 0.10625
1 0.75078125 0.5484375 0.071875 0.078125