1 0.434375 0.1421875 0.2765625 0.16875
1 0.73125 0.2953125 0.23125 0.1484375
1 0.85390625 0.559375 0.165625 0.0734375
1 0.42890625 0.3578125 0.11875 0.08125
1 0.21640625 0.690625 0.1375 0.090625
1 0.409375 0.86953125 0.13125 0.059375
1 0.71875 0.84375 0.08125 0.0484375
1 0.74140625 0.625 0.121875 0.059375
0 0.70625 0.44921875 0.2109375 0.075
0 0.8953125 0.3265625 0.1671875 0.090625
1 0.44453125 0.51015625 0.109375 0.0890625
1 0.22265625 0.3953125 0.1109375 0.11875
1 0.621875 0.91328125 0.128125 0.0453125