0 0.40396110937499996 0.6170123828125 0.3961099359375 0.5800991390625 0.35808666875 0.592092978125 0.36593784218750003 0.6290062234375 0.40396110937499996 0.6170123828125
0 0.86445799375 0.416610225 0.8581770546874999 0.387079628125 0.831560765625 0.39547531875 0.8378417046875001 0.4250059140625 0.86445799375 0.416610225
0 0.49901927968750004 0.5870277828125 0.494308575 0.5648798359375 0.471494615625 0.572076140625 0.47620531875000005 0.5942240875 0.49901927968750004 0.5870277828125
0 0.634638303125 0.09914446875 0.6307127171875 0.0806878484375 0.6078987546875 0.0878841515625 0.6118243421875 0.1063407734375 0.634638303125 0.09914446875
0 0.2397670546875 0.43640514843749995 0.23505634999999997 0.4142572015625 0.2122423921875 0.4214535046875 0.2169530953125 0.44360145156249997 0.2397670546875 0.43640514843749995
0 0.89935420625 0.027460946874999996 0.8347146499999999 0.047850474999999996 0.850416996875 0.1216769625 0.9150565531250001 0.10128743437500001 0.89935420625 0.027460946874999996
0 0.9001393234374999 0.031152271875 0.8431044218749999 0.049143031250000004 0.8509555953125 0.0860562734375 0.907990496875 0.0680655140625 0.9001393234374999 0.031152271875
0 0.503606725 0.5895197234375 0.4973257859375 0.5599891296874999 0.46310484374999994 0.570783584375 0.4693857828125 0.6003141796875 0.503606725 0.5895197234375
0 0.8698305546875 0.422793490625 0.8611942640624999 0.382188921875 0.82317099375 0.39418276093750004 0.8318072859375001 0.4347873296875 0.8698305546875 0.422793490625
0 0.41772344375000003 0.6244882046875 0.405161565625 0.5654270140625 0.344324334375 0.5846171578125 0.35688621249999997 0.6436783484374999 0.41772344375000003 0.6244882046875
0 0.158425659375 0.58811028125 0.1529298390625 0.5622710109375 0.12631355 0.5706666984375001 0.131809371875 0.5965059687500001 0.158425659375 0.58811028125
0 0.1807010234375 0.6165346625 0.1759903203125 0.5943867171874999 0.1455717046875 0.6039817890625 0.15028240937499998 0.6261297359375 0.1807010234375 0.6165346625
0 0.153838215625 0.5856183390624999 0.149912628125 0.5671617171875 0.1309009953125 0.5731586375 0.1348265796875 0.5916152593749999 0.153838215625 0.5856183390624999
0 0.2481568265625 0.437697703125 0.241090771875 0.4044757828125 0.2030675015625 0.41646962500000007 0.2101335578125 0.44969154375000003 0.2481568265625 0.437697703125
0 0.9020793390625 0.0975029390625 0.8965835171875 0.071663665625 0.8509555953125 0.0860562734375 0.8564514171875001 0.111895546875 0.9020793390625 0.0975029390625
0 0.5219565015625001 0.5994874859375 0.5078243890625 0.5330436453125 0.344324334375 0.5846171578125 0.3584564484375 0.651060996875 0.5219565015625001 0.5994874859375
0 0.536996990625 0.6892786531249999 0.5040220625 0.5342430296875 0.3177080484375 0.5930128453125 0.3506829765625 0.7480484703125 0.536996990625 0.6892786531249999
0 0.186073584375 0.6227179265625 0.1782224109375 0.585804684375 0.136396815625 0.5989979078125 0.1442479890625 0.635911153125 0.186073584375 0.6227179265625
0 0.9709689171875 0.44603667031249994 0.974712259375 0.3817659703125 0.8985690890625 0.023769621875 0.7464760171875 0.0717449828125 0.8351942749999999 0.48886463906250005 0.9709689171875 0.44603667031249994
0 0.51736905625 0.5969955437500001 0.5071625328125 0.549008325 0.457732284375 0.5646003187499999 0.4679388078125 0.6125875359374999 0.51736905625 0.5969955437500001
0 0.9655935156250001 0.5383287343750001 0.974712259375 0.3817659703125 0.894643503125 0.0053130015625 0.24064328906250002 0.21160704843749997 0.3513448328125 0.7320837890624999 0.9655935156250001 0.5383287343750001
0 0.19524847343750001 0.6277018109375 0.1771907734375 0.5428013484374999 0.11255121875 0.563190875 0.1306089171875 0.6480913375 0.19524847343750001 0.6277018109375