1 0.9516871171875 0.07131901874999999 0.003067484375 0.07131901874999999 0.003067484375 0.9340490796875001 0.9516871171875 0.9340490796875001 0.9516871171875 0.07131901874999999
0 0.5268404906249999 0.22699386562499999 0.44248466249999996 0.22699386562499999 0.44248466249999996 0.3029141109375 0.5268404906249999 0.3029141109375 0.5268404906249999 0.22699386562499999
0 0.5 0.5897239265625001 0.38113496874999997 0.5897239265625001 0.38113496874999997 0.659509203125 0.5 0.659509203125 0.5 0.5897239265625001
0 0.0851227 0.8029141109375001 0.030674846875 0.8029141109375001 0.030674846875 0.844325153125 0.0851227 0.844325153125 0.0851227 0.8029141109375001
0 0.5559815953125 0.4064417171875 0.4884969328125 0.4064417171875 0.4884969328125 0.470092025 0.5559815953125 0.470092025 0.5559815953125 0.4064417171875
0 0.3389570546875 0.7315950921875001 0.2645705515625 0.7315950921875001 0.2645705515625 0.8075153374999999 0.3389570546875 0.8075153374999999 0.3389570546875 0.7315950921875001
0 0.8159509203124999 0.46088957031250005 0.7384969328125 0.46088957031250005 0.7384969328125 0.5383435578125 0.8159509203124999 0.5383435578125 0.8159509203124999 0.46088957031250005
0 0.41104294531249996 0.3427914109375 0.36119631874999997 0.3427914109375 0.36119631874999997 0.3964723921875 0.41104294531249996 0.3964723921875 0.41104294531249996 0.3427914109375
0 0.7239263796875 0.229294478125 0.6848159515625001 0.229294478125 0.6848159515625001 0.27377300625 0.7239263796875 0.27377300625 0.7239263796875 0.229294478125
0 0.23389570625 0.439417178125 0.10812883437500001 0.439417178125 0.10812883437500001 0.560582821875 0.23389570625 0.560582821875 0.23389570625 0.439417178125
0 0.7914110421875 0.2691717796875 0.739263803125 0.2691717796875 0.739263803125 0.3220858890625 0.7914110421875 0.3220858890625 0.7914110421875 0.2691717796875