0 0.8776555796875 0.3214159703125 0.8790319984374999 0.347679596875 0.9062867062500001 0.3470452359375 0.9049102875000001 0.320781609375 0.8776555796875 0.3214159703125
0 0.3270058671875 0.5689088796874999 0.3281485546875 0.5907126468749999 0.3494567796875 0.5902166921875 0.3483140921875 0.568412925 0.3270058671875 0.5689088796874999
0 0.589084178125 0.2586723 0.5945379109375 0.3627357296875 0.716440784375 0.3598984078125 0.7109870515625001 0.255834978125 0.589084178125 0.2586723
0 0.8674071640625 0.315204625 0.872964778125 0.4212502140625 0.9730638859375 0.41892038125 0.967506271875 0.31287479218750003 0.8674071640625 0.315204625
0 0.5842670562500001 0.22355815156249997 0.5922658640625 0.37618451406250003 0.803861503125 0.37125957187499997 0.7958626953125 0.218633209375 0.5842670562500001 0.22355815156249997
0 0.8694672359375 0.316645109375 0.8713890281250001 0.35331507968750003 0.9120233203125 0.35236930625 0.910101528125 0.3156993359375 0.8694672359375 0.316645109375
0 0.4097765046875 0.6146122546874999 0.4120878484375 0.6587153265625 0.468579425 0.6574004703125 0.46626808124999997 0.6132973984375 0.4097765046875 0.6146122546874999
0 0.6784196828125 0.221366725 0.683302071875 0.314528271875 0.7997540046875 0.31181782343750003 0.794871615625 0.21865627656250003 0.6784196828125 0.221366725
0 0.59223078125 0.29977906249999997 0.5954510796875 0.36122604062499997 0.6554114375 0.3598304484375 0.6521911390625 0.2983834703125 0.59223078125 0.29977906249999997
0 1 0.050154143750000005 0.4151418984375 0.063766865625 0.4358660859375 0.459207896875 1 0.4460775359375 1 0.050154143750000005
0 0.854838978125 0.3025973921875 0.8583189796875 0.3689997703125 0.9247213578125001 0.3674542390625 0.92124135625 0.3010518609375 0.854838978125 0.3025973921875
2 1 0.029812215625 0.00277880625 0.0530227953125 0.0524077796875 1 1 0.977944546875 1 0.029812215625