1 0.0171440015625 0 0.005716471875 0.491272459375 0.010529790625 0.90492806875 0.9958932703125001 0.910664240625 1 0.7341148546875 1 0 0.0171440015625 0
0 0.2432015796875 0.1476750546875 0.24234324062499998 0.18457528750000002 0.27512346718749997 0.1847661125 0.27598180625 0.14786588125 0.2432015796875 0.1476750546875
0 0.1703997796875 0.10624543906249999 0.1683969875 0.1923459796875 0.2872253109375 0.1930377234375 0.289228103125 0.1069371828125 0.1703997796875 0.10624543906249999
0 0.8089431796875 0.3149916890625 0.808275584375 0.3436918703125 0.841055809375 0.3438826953125 0.8417234078125 0.315182515625 0.8089431796875 0.3149916890625
0 0.23510189375 0.143527321875 0.2339574421875 0.1927276328125 0.2831277828125 0.19301387187500002 0.28427223437500004 0.1438135609375 0.23510189375 0.143527321875
0 0.0383183109375 0.4991323171875 0.005805728125 0.49894305 0.0063306234375 0.544052496875 0.0372692296875 0.5442326015625001 0.0383183109375 0.4991323171875
0 0.4290072171875 0.7925479156249999 0.428434990625 0.8171480703125 0.46121521874999993 0.817338896875 0.46178744531250004 0.7927387421875001 0.4290072171875 0.7925479156249999
0 0.3472473921875 0.7838708 0.3465797953125 0.81257098125 0.38345755000000004 0.8127856609374999 0.384125146875 0.7840854796875 0.3472473921875 0.7838708
0 0.13360369218749998 0.8072305859375 0.13293609374999998 0.8359307671874999 0.1698138484375 0.8361454437500001 0.1704814453125 0.807445265625 0.13360369218749998 0.8072305859375
0 0.008208471875 0.38414076875 0.0327936421875 0.3842838890625 0.033747353125000004 0.34328362968750004 0.0091621828125 0.3431405109375 0.008208471875 0.38414076875
0 0.0072547625 0.425141028125 0.044132515625 0.4253557078125 0.0449908546875 0.3884554734375 0.008113101562499999 0.3882407953125 0.0072547625 0.425141028125
0 0.148478146875 0.343951521875 0.1478105484375 0.37265170312499996 0.180590775 0.37284252812499996 0.181258371875 0.344142346875 0.148478146875 0.343951521875
0 0.058138354687500005 0.527951765625 0.057184645312500004 0.5689520234375001 0.09815992812499999 0.5691905562499999 0.09911363749999999 0.528190296875 0.058138354687500005 0.527951765625
0 0.13036450156249998 0.7703065 0.12817096875 0.8646070937499999 0.4600707671875 0.8665392078125 0.4622643 0.7722386125 0.13036450156249998 0.7703065
0 0.20697771875 0.8240600468749999 0.2063101203125 0.852760228125 0.243187875 0.8529749078125001 0.24385547187499998 0.8242747265625001 0.20697771875 0.8240600468749999
0 0.005716471875 0.491272459375 0.010291203124999999 0.8844237765624999 0.496471665625 0.8872540156250001 0.5149736468749999 0.09184900781250001 0.0150751859375 0.0889389109375 0.005716471875 0.491272459375
0 0.42100290156250003 0.7843001593750001 0.4200491921875 0.825300415625 0.46512200468750003 0.825562803125 0.4660757140625 0.78456254375 0.42100290156250003 0.7843001593750001