0 0.7547750125 0.514366578125 0.7079294218750001 0.517360659375 0.7072121890624999 0.5788369734375001 0.7540577796875 0.57584289375 0.7547750125 0.514366578125
0 0.375568621875 0.2855095640625 0.3509130484375 0.287085396875 0.35065484375 0.3092168703125 0.3753104171875 0.3076410375 0.375568621875 0.2855095640625
0 0.0996539828125 0.4948074078125 0.065136178125 0.49701357343749997 0.0647345265625 0.5314403078125001 0.09925233125 0.52923414375 0.0996539828125 0.4948074078125
0 0.3284900625 0.730817946875 0.30136893124999997 0.7325513625 0.3009959671875 0.764519046875 0.3281171 0.7627856296875 0.3284900625 0.730817946875
0 0.5710918515625 0.42044606093750003 0.4872629 0.42580389218750003 0.4860579484375 0.5290840984375 0.569886896875 0.5237262687500001 0.5710918515625 0.42044606093750003
0 0.9576669421874999 0.87981069375 0.9771186171874999 0.4621754390625 0.9814949890625 0.08706325000000001 0.7521981515625 0.101718490625 0.7429601781249999 0.893533428125 0.9576669421874999 0.87981069375
0 0.5631518078125 0.25631986875 0.49165064375 0.26088978281249997 0.49096209999999996 0.31990704375 0.5624632640625 0.31533713125 0.5631518078125 0.25631986875
0 0 0.8894172703125 0.4008501796875 0.8637973953125 0.4091700921875 0.150672140625 0 0.176823775 0 0.8894172703125
0 0.38305136093750003 0.27765965625 0.34360244375 0.2801809890625 0.343114725 0.32198488125 0.3825636421875 0.3194635515625 0.38305136093750003 0.27765965625
0 0.6712903328125 0.4902157765625 0.62444474375 0.493209859375 0.62387095625 0.5423909109375 0.670716546875 0.5393968296875 0.6712903328125 0.4902157765625
0 0.3360014921875 0.7205089874999999 0.294087015625 0.723187903125 0.293513228125 0.772368953125 0.3354277046875 0.7696900390625 0.3360014921875 0.7205089874999999
0 0.109659659375 0.4818818125 0.05295183906249999 0.48550622656250003 0.0522346046875 0.5469825421875 0.108942425 0.5433581281250001 0.109659659375 0.4818818125
0 0.9187893656250001 0.815950596875 0.89659935 0.8173688468750001 0.8962837671875 0.844418425 0.9184737828125 0.8430001765625 0.9187893656250001 0.815950596875
2 0.8805218921875 0.0836879515625 0.3331681546875 0.1186714328125 0.3238154234375 0.92032258125 0.8711691625 0.8853390984375 0.8805218921875 0.0836879515625