0 0.809620890625 0.9429821265625 0.809873840625 0.899503865625 0.7663955796875 0.9005158328125 0.7661426296875 0.94399409375 0.809620890625 0.9429821265625
0 0.576008946875 0 0.5709015 0.877895775 0.9948145437499999 0.8680290906250001 0.9998645890625 0 0.576008946875 0
0 0.5123520187499999 0.667330709375 0.5125733484375 0.62928723125 0.46366030468749997 0.6304256953125 0.46343897500000003 0.6684691734375 0.5123520187499999 0.667330709375
0 0.7559054390625 0.835551434375 0.7561267703125 0.7975079546875 0.712648509375 0.7985199234375 0.712427178125 0.836563403125 0.7559054390625 0.835551434375
0 0.44805156718749994 0.5112399640625 0.448557465625 0.42428344375 0.3398618140625 0.4268133640625 0.339355915625 0.513769884375 0.44805156718749994 0.5112399640625
0 0.7563164812500001 0.764899259375 0.7565378125 0.72685578125 0.718494334375 0.727741253125 0.718273003125 0.76578473125 0.7563164812500001 0.764899259375
0 0.8204272203125 0.9535987 0.8218184390625 0.7144682640625 0.69138365625 0.7175041671875 0.6899924375 0.9566346031249999 0.8204272203125 0.9535987
0 0.8204588375 0.9481639171875 0.8208066437499999 0.8883813078125 0.7555892531249999 0.889899259375 0.755241446875 0.9496818687499999 0.8204588375 0.9481639171875
0 0.761276984375 0.846294503125 0.7616247890625 0.7865118953125 0.7072769625 0.7877768546875 0.7069291578125 0.8475594624999999 0.761276984375 0.846294503125
0 0.7671544265625 0.77008105 0.7674706125 0.7157332234375 0.7076880046875 0.7171246796874999 0.70737181875 0.7714725062500001 0.7671544265625 0.77008105
0 0.7136603046875 0.62460688125 0.714102965625 0.5485199234375 0.65432035625 0.549911378125 0.6538776953125 0.6259983359375 0.7136603046875 0.62460688125
0 0.528561509375 0.68325556875 0.5289725515625 0.6126033953125 0.44745081249999996 0.614500834375 0.44703977031250003 0.6851530078125 0.528561509375 0.68325556875
2 0.6598499953125 0.5334805359375 0.6623794859375 0.09869792656250001 0.24390122500000003 0.10843811562500001 0.241371734375 0.5432207250000001 0.6598499953125 0.5334805359375