0 0.95287958125 0.7696335078125001 0.9109947640625 0.7696335078125001 0.9109947640625 0.811518325 0.95287958125 0.811518325 0.95287958125 0.7696335078125001
0 0 0.9947643984375001 0.8848167546875001 0.9947643984375001 0.8848167546875001 0.5811518328124999 0 0.5811518328124999 0 0.9947643984375001
0 0.6806282718750001 0.476439790625 0.6439790578125 0.476439790625 0.6439790578125 0.523560209375 0.6806282718750001 0.523560209375 0.6806282718750001 0.476439790625
0 0.8481675390625 0.7172774875 0.811518325 0.7172774875 0.811518325 0.759162303125 0.8481675390625 0.759162303125 0.8481675390625 0.7172774875
0 0.5287958109375 0.35602094218749997 0.445026178125 0.35602094218749997 0.445026178125 0.460732984375 0.5287958109375 0.460732984375 0.5287958109375 0.35602094218749997
0 0.7801047125 0.7225130890625 0.743455496875 0.7225130890625 0.743455496875 0.759162303125 0.7801047125 0.759162303125 0.7801047125 0.7225130890625
0 0.9633507859374999 0.696335078125 0.73298429375 0.696335078125 0.73298429375 0.821989528125 0.9633507859374999 0.821989528125 0.9633507859374999 0.696335078125
0 0.9581151828125 0.759162303125 0.9005235609375 0.759162303125 0.9005235609375 0.821989528125 0.9581151828125 0.821989528125 0.9581151828125 0.759162303125
0 0.85863874375 0.7120418843749999 0.8010471203125 0.7120418843749999 0.8010471203125 0.7643979062499999 0.85863874375 0.7643979062499999 0.85863874375 0.7120418843749999
0 0.7853403140624999 0.7120418843749999 0.73298429375 0.7120418843749999 0.73298429375 0.7696335078125001 0.7853403140624999 0.7696335078125001 0.7853403140624999 0.7120418843749999
0 0.6439790578125 0.6596858640625001 0.570680628125 0.6596858640625001 0.570680628125 0.7172774875 0.6439790578125 0.7172774875 0.6439790578125 0.6596858640625001
0 0.696335078125 0.460732984375 0.6282722515625 0.460732984375 0.6282722515625 0.539267015625 0.696335078125 0.539267015625 0.696335078125 0.460732984375
2 0.554973821875 0.2617801046875 0.1361256546875 0.2617801046875 0.1361256546875 0.664921465625 0.554973821875 0.664921465625 0.554973821875 0.2617801046875