1 0.81415093125 1 0.9619162015624999 0.9870511484375 0.9756955078124999 0.6488827265625 0.9161709124999999 0.048014482812499995 0.465036590625 0.024371534375 0.06584727343749999 0.059352984374999994 0.159031815625 1 0.81415093125 1
0 0.236441184375 0.111894115625 0.23282571718749998 0.075397953125 0.1903161296875 0.07912311875 0.193931596875 0.11561928437499999 0.236441184375 0.111894115625
0 0.9602066328125 0.9872009609375001 0.957796321875 0.9628701843749999 0.927432328125 0.9655310171875 0.9298426421875 0.9898617937499999 0.9602066328125 0.9872009609375001
0 0.3372127484375 0.9436267 0.3341998578125 0.9132132281249999 0.29776306875 0.916406228125 0.30077595625 0.9468197 0.3372127484375 0.9436267
0 0.248031225 0.04338798125 0.2522492703125 0.0859668390625 0.2947588578125 0.0822416734375 0.2905408125 0.0396628140625 0.248031225 0.04338798125
0 0.367162240625 0.68944674375 0.3623416171875 0.6407851906250001 0.31375923125 0.6450425234375 0.31857985312500003 0.693704078125 0.367162240625 0.68944674375
0 0.1812304421875 0.049241815625000004 0.1884613765625 0.12223414375 0.3038445453125 0.1121229765625 0.2966136109375 0.0391306484375 0.1812304421875 0.049241815625000004
0 0.400953621875 0.968718503125 0.39251753125 0.883560784375 0.28320715937499996 0.8931397859375 0.29164325 0.9782975031250001 0.400953621875 0.968718503125
0 0.9176970437499999 0.9909261265625 0.9619162015624999 0.9870511484375 0.9634215906250001 0.9501062375 0.9140815765625 0.9544299625000001 0.9176970437499999 0.9909261265625
0 0.349960921875 0.948645059375 0.344537721875 0.8939008140625001 0.2838097375 0.8992224796875 0.2892329375 0.953966728125 0.349960921875 0.948645059375
0 0.2497919375 0.1229951703125 0.243766159375 0.06216823125 0.176965378125 0.068022065625 0.18299115625 0.1288490046875 0.2497919375 0.1229951703125
0 0.16301204687499998 0.0508383171875 0.1708455578125 0.1299133375 0.3044471234375 0.11820566875 0.2966136109375 0.0391306484375 0.16301204687499998 0.0508383171875
0 0.9055514484374999 0.991990459375 0.9619162015624999 0.9870511484375 0.9639233875000001 0.9377912671875 0.9007308234375 0.943328909375 0.9055514484374999 0.991990459375
2 0.676028990625 0.035429178125 0.5526621609375 0.028963796874999996 0.15207160625 0.0640680375 0.2255861046875 0.8061567109375 0.7478467671875 0.76039036875 0.676028990625 0.035429178125