0 0.823905875 0.48551762031249995 0.8193002484375 0.5420997078124999 0.8727519640624999 0.5420997078124999 0.8773575906250001 0.48551762031249995 0.823905875 0.48551762031249995
0 0.771181853125 0.62250583125 0.7670610296875 0.673131909375 0.805665046875 0.673131909375 0.8097858718750001 0.62250583125 0.771181853125 0.62250583125
0 0.6048259234375 0.2949253265625 0.6014323046875 0.33661739062499996 0.6459754015625 0.33661739062499996 0.6493690203125 0.294925325 0.6048259234375 0.2949253265625
0 0.3765347203125 0.21749720625000002 0.371444290625 0.2800353015625 0.43380462656249996 0.28003530312499997 0.43889505624999997 0.21749720625000002 0.3765347203125 0.21749720625000002
0 0.54301160625 0.4706275953125 0.5362243656250001 0.554011725 0.5837370015625 0.5540117265625 0.590524240625 0.470627596875 0.54301160625 0.4706275953125
0 0.69585181875 0.41702351406249993 0.6922157984374999 0.461693584375 0.7426979734375 0.461693584375 0.7463339953125 0.41702351406249993 0.69585181875 0.41702351406249993
0 0.7211237578125 0.5808137671875 0.7131245125000001 0.67908791875 0.8081497843750001 0.67908791875 0.8161490312499999 0.5808137671875 0.7211237578125 0.5808137671875
0 0.6347642140625 0.4378695453125 0.6301585875 0.494451634375 0.677671225 0.49445163281250004 0.6822768499999999 0.4378695453125 0.6347642140625 0.4378695453125
0 0.3617472546875 0.1073110359375 0.356656825 0.1698491328125 0.4219867 0.1698491328125 0.4270771296875 0.1073110359375 0.3617472546875 0.1073110359375
0 0.538041640625 0.3127933515625 0.5339208171875 0.36341943125 0.58440299375 0.36341943125 0.5885238171875 0.3127933515625 0.538041640625 0.3127933515625
0 0.7211237578125 0.5808137671875 0.71651813125 0.6373958546875 0.7848175453125 0.6373958546875 0.7894231734375 0.5808137671875 0.7211237578125 0.5808137671875