0 0.2012876984375 0.448322603125 0.1809556078125 0.448322603125 0.1809556078125 0.464588275 0.2012876984375 0.464588275 0.2012876984375 0.448322603125
0 0.639783125 0.1680786171875 0.6028464921875 0.1680786171875 0.6028464921875 0.20027109531249998 0.639783125 0.20027109531249998 0.639783125 0.1680786171875
0 0.49135886093750003 0.1884107078125 0.478143003125 0.1884107078125 0.478143003125 0.20230430312499997 0.49135886093750003 0.20230430312499997 0.49135886093750003 0.1884107078125
0 0.03354795 0.3056590984375 0.0013554734375 0.3056590984375 0.0013554734375 0.3351406296875 0.03354795 0.3351406296875 0.03354795 0.3056590984375
0 0.2073873265625 0.4412063703125 0.17350050781249998 0.4412063703125 0.17350050781249998 0.47238224375 0.2073873265625 0.47238224375 0.2073873265625 0.4412063703125
0 0.79600135625 0.8193832593750001 0.78041341875 0.8193832593750001 0.78041341875 0.8356489328125001 0.79600135625 0.8356489328125001 0.79600135625 0.8193832593750001
0 0.1558793625 0.1941714671875 0.1294476453125 0.1941714671875 0.1294476453125 0.21823110781250002 0.1558793625 0.21823110781250002 0.1558793625 0.1941714671875
0 0.6475770921875 0.1609623859375 0.5953913921875 0.1609623859375 0.5953913921875 0.2073873265625 0.6475770921875 0.2073873265625 0.6475770921875 0.1609623859375
0 0.6655371062500001 0.1497797359375 0.5804811921875 0.1497797359375 0.5804811921875 0.224669603125 0.6655371062500001 0.224669603125 0.6655371062500001 0.1497797359375
0 0.2202643171875 0.4320569296875 0.161978990625 0.4320569296875 0.161978990625 0.48356489375 0.2202643171875 0.48356489375 0.2202643171875 0.4320569296875
0 0.49745848906249995 0.1819722125 0.47170450625000004 0.1819722125 0.47170450625000004 0.20874279843750002 0.49745848906249995 0.20874279843750002 0.49745848906249995 0.1819722125
0 0.8021009828125001 0.8122670281250001 0.7719417140625 0.8122670281250001 0.7719417140625 0.8431040328125 0.8021009828125001 0.8431040328125 0.8021009828125001 0.8122670281250001
0 0.8281938328124999 0.8112504234375001 0.7705862421874999 0.8112504234375001 0.7705862421874999 0.85869196875 0.8281938328124999 0.85869196875 0.8281938328124999 0.8112504234375001
0 0.6462216203125 0.1643510671875 0.45611657031249997 0.1643510671875 0.45611657031249997 0.2107760078125 0.6462216203125 0.2107760078125 0.6462216203125 0.1643510671875
0 0.2080650625 0.2978651296875 0.0027109453125 0.2978651296875 0.0027109453125 0.47848187031249995 0.2080650625 0.47848187031249995 0.2080650625 0.2978651296875
2 0.9301931546875 0.16130125312500002 0.0155879359375 0.16130125312500002 0.0155879359375 0.8244662828125 0.9301931546875 0.8244662828125 0.9301931546875 0.16130125312500002