0 0.9652752421875 0.59906439375 0.9649668859375 0.6123126765625 0.9787058453125 0.6119129140624999 0.9790142015625 0.5986646312499999 0.9652752421875 0.59906439375
0 0.2403608109375 0.12245725 0.2400752953125 0.13472417812499998 0.25577696250000004 0.13426730625 0.256062478125 0.122000378125 0.2403608109375 0.12245725
0 0.23634443749999998 0.1054120453125 0.23554499375 0.13975944375 0.2919728640625 0.1381175609375 0.2927723078125 0.1037701625 0.23634443749999998 0.1054120453125
0 0.44872605156249995 0.1870040953125 0.4483605921875 0.2027057640625 0.47093174062500004 0.20204900937499998 0.47129719999999997 0.186347340625 0.44872605156249995 0.1870040953125
0 0.272026821875 0.11025793125000001 0.27164994062500003 0.12645027656250002 0.288823640625 0.1259505734375 0.289200521875 0.109758228125 0.272026821875 0.11025793125000001
0 0.961475453125 0.5937811625 0.9608930000000001 0.618805696875 0.9834641484375 0.61814894375 0.9840466015624999 0.593124409375 0.961475453125 0.5937811625
0 0.961550540625 0.25347966718750004 0.961265025 0.2657465953125 0.975003984375 0.26534683281250004 0.9752895 0.25307990468749997 0.961550540625 0.25347966718750004
0 0.3198916765625 0.3501148609375 0.3192863828125 0.37612075 0.35412445937500003 0.375107065625 0.354729753125 0.3491011765625 0.3198916765625 0.3501148609375
0 0.26141465468749997 0.102721196875 0.2607522578125 0.13118047187499998 0.2931369484375 0.1302381734375 0.29379934531249996 0.10177889843750001 0.26141465468749997 0.102721196875
0 0.60526306875 0.20304381562499998 0.6042123687500001 0.2481861109375 0.683702065625 0.2458731984375 0.684752765625 0.20073090312500003 0.60526306875 0.20304381562499998
0 0.4424728765625 0.18179225000000002 0.4418219 0.209760846875 0.47764133124999997 0.20871860781249998 0.4782923078125 0.1807500109375 0.4424728765625 0.18179225000000002
0 0.77950200625 0.0484188078125 0.7792621734375 0.058723028125 0.7915291015625 0.058366096874999995 0.7917689343750001 0.0480618765625 0.77950200625 0.0484188078125
0 0.41848680156249995 0.18003845000000002 0.41582579218750004 0.2943662234375 0.582165340625 0.28952623593750004 0.5848263499999999 0.17519846249999999 0.41848680156249995 0.18003845000000002
0 0.23456405 0.118703159375 0.23403870000000002 0.1412743078125 0.2629886515625 0.14043195 0.26351400156250004 0.1178608015625 0.23456405 0.118703159375
0 0.955369925 0.6243601953125 0.9848105531250001 0.6235035609375 0.9856785218749999 0.5862120984375 0.95623789375 0.5870687328125 0.955369925 0.6243601953125
0 0.3633943234375 0.1664407875 0.35889459218750003 0.359767578125 0.839758184375 0.3457758765625 0.844257915625 0.1524490859375 0.3633943234375 0.1664407875
2 0.044454596875 0.1546361578125 0.039315309375 0.37544086875 0.887696075 0.350755509375 0.8928353625 0.1299507984375 0.044454596875 0.1546361578125