0 0.207115334375 0.41403113593749996 0.186253028125 0.41366653906249995 0.18567020625 0.43037674531250003 0.20653251250000002 0.43074134375 0.207115334375 0.41403113593749996
0 0.6670873375 0.13399136250000002 0.6291874765625 0.1333290109375 0.6280339734375 0.1664012921875 0.665933834375 0.16706364375 0.6670873375 0.13399136250000002
0 0.51406395625 0.152217559375 0.5005034546875 0.1519805703125 0.500005628125 0.16625387187500001 0.5135661296875 0.16649085937500002 0.51406395625 0.152217559375
0 0.023410028125 0.2944745796875 0.039056760937500004 0.294748028125 0.040113126562500004 0.26446078125 0.0244663953125 0.26418733437499997 0.023410028125 0.2944745796875
0 0.21362901406249998 0.40682980156250004 0.17885849843749999 0.4062221390625 0.177741421875 0.43825003437500004 0.21251193750000003 0.43885769531249996 0.21362901406249998 0.40682980156250004
0 0.8040422328125001 0.8058971749999999 0.788047796875 0.80561765 0.787464975 0.8223278578125001 0.803459409375 0.8226073796875 0.8040422328125001 0.8058971749999999
0 0.1696294453125 0.1521199046875 0.14250844375 0.151645928125 0.1416463515625 0.17636310625 0.168767353125 0.1768370828125 0.1696294453125 0.1521199046875
0 0.675339540625 0.126820409375 0.6217929484375 0.12588460937499998 0.6201294765625 0.1735783234375 0.6736760687500001 0.17451412187499998 0.675339540625 0.126820409375
0 0.6941686046875 0.11565420312500001 0.6068946125 0.114128971875 0.6042112015625001 0.1910655453125 0.69148519375 0.192590775 0.6941686046875 0.11565420312500001
0 0.22716964687500002 0.397661221875 0.1673643609375 0.39661604375000004 0.16551875625 0.449531696875 0.22532404218750002 0.45057687343749997 0.22716964687500002 0.397661221875
0 0.5205533484375 0.1457124828125 0.49412775781249996 0.14525065937499998 0.4931685296875 0.1727528734375 0.5195941203125 0.173214696875 0.5205533484375 0.1457124828125
0 0.8105559109374999 0.7986958390625001 0.7796101546875 0.79815501875 0.7785052203125 0.8298347843749999 0.809450978125 0.8303756046874999 0.8105559109374999 0.7986958390625001
0 0.8373656328125 0.7981193515625 0.7782557578125 0.7970863265625 0.7765558593749999 0.845824425 0.8356657343749999 0.8468574515625 0.8373656328125 0.7981193515625
0 0.6738272984375 0.1302773953125 0.47876471093750006 0.1268684109375 0.47710123906249996 0.17456212499999998 0.6721638265625 0.177971109375 0.6738272984375 0.1302773953125
0 0.0182739078125 0.44173326875 0.21298878906250002 0.445136175 0.21946054531249998 0.259583265625 0.0247456640625 0.25618035781250004 0.0182739078125 0.44173326875
2 0.0168506546875 0.48253961875 0.027851315625 0.7975573078125 0.941551340625 0.8135254546875 0.9653134906249999 0.1322364390625 0.0296389421875 0.11588425625000001 0.0168506546875 0.48253961875