0 0.17494946718749999 0.826375921875 0.201744703125 0.8246610734375001 0.20216042500000003 0.7889812578125001 0.17536518750000002 0.790696109375 0.17494946718749999 0.826375921875
0 0.43563297343749996 0.6670797796875 0.46838270625 0.6649838515625001 0.468763784375 0.6322773546875 0.4360140515625 0.63437328125 0.43563297343749996 0.6670797796875
0 0.005558090625 0.8104767781250001 0.0323533265625 0.8087619281249999 0.0327344046875 0.7760554296875 0.0059391671875 0.7777702796875 0.005558090625 0.8104767781250001
0 0.1654980703125 0.8715473093749999 0.2786335140625 0.8643068328125001 0.279672815625 0.77510729375 0.166537371875 0.782347771875 0.1654980703125 0.8715473093749999
0 0.6687244437500001 0.5778847984375 0.704451428125 0.5755983312499999 0.7047632187499999 0.5488384703125 0.6690362359375001 0.5511249359375 0.6687244437500001 0.5778847984375
0 0.426631940625 0.6735980328125 0.477245165625 0.670358871875 0.477799459375 0.6227857828125 0.42718623593749994 0.62602494375 0.426631940625 0.6735980328125
0 0.22805493281250003 0.8645726765624999 0.25485016875 0.8628578265625 0.25516195937499997 0.8360979640625 0.22836672343750003 0.8378128140625 0.22805493281250003 0.8645726765624999
0 0.2374023984375 0.8283212437499999 0.27312938125 0.8260347765624999 0.273545103125 0.7903549609375 0.2378181203125 0.7926414265624999 0.2374023984375 0.8283212437499999
0 0.165948434375 0.8328941750000001 0.20762991406250003 0.8302266328125001 0.20818420781250002 0.78265354375 0.166502728125 0.7853210890625 0.165948434375 0.8328941750000001
0 0 0.8197457890625 0.041181143749999996 0.817110265625 0.0417354375 0.769537178125 0 0.772208175 0 0.8197457890625
0 0.7731013609375 0.5563493484375 0.7969193484375 0.5548250375 0.7972311390625 0.5280651749999999 0.7734131515625 0.5295894875 0.7731013609375 0.5563493484375
0 0.5667011953125 0.6527494328125 0.608382675 0.6500818890625 0.6088330390625 0.6114287546875 0.5671515609375 0.6140962984375 0.5667011953125 0.6527494328125
0 0 0.9267054187499999 0.284068359375 0.908525525 0.285973746875 0.7449930375 0 0.7632948734375 0 0.9267054187499999
0 0.41763090937499997 0.6801162859375001 0.7153557625 0.6610623984374999 0.7167415 0.542129678125 0.419016646875 0.561183565625 0.41763090937499997 0.6801162859375001
0 0.21905389843749998 0.871090928125 0.2607353796875 0.868423384375 0.2612203859375 0.82679693125 0.2195389078125 0.8294644765625 0.21905389843749998 0.871090928125
0 0.8361432328125 0.5077482609375 0.86293846875 0.5060334125 0.8632156171875 0.48224686875 0.8364203781249999 0.48396171875 0.8361432328125 0.5077482609375
0 0.4145843734375 0.6862534578124999 0.48901558749999996 0.6814899859375 0.489847028125 0.61013035625 0.415415815625 0.614893828125 0.4145843734375 0.6862534578124999
0 0 0.92967651875 0.0369220875 0.9273135671875 0.03879283125 0.7667544000000001 0 0.769237075 0 0.92967651875
0 0.764100328125 0.5628676015625 0.8028045609375001 0.5603905953125 0.8032549250000001 0.5217374609375 0.7645506921874999 0.5242144671875 0.764100328125 0.5628676015625
0 0.6504798765625 0.6117345281250001 0.71597934375 0.6075426734375 0.7168107874999999 0.5361830421875 0.65131131875 0.5403748984375001 0.6504798765625 0.6117345281250001
0 0.22840136718749998 0.834839496875 0.28199183906249997 0.8314097953124999 0.282580778125 0.780863390625 0.2289903046875 0.7842930906250001 0.22840136718749998 0.834839496875