1 0.9666319828125 1 0.97781726875 0.0434169203125 0.5174603828125 0.006021196875 0.0337424578125 0.0003926296875 0.028104732812499998 0.4825396171875 0.0560368296875 0.962115221875 0.5224141921875 1 0.9666319828125 1
0 0.54331760625 0.7089846484375 0.489511203125 0.7046138453124999 0.48864430312499996 0.77875245 0.54245070625 0.7831232546875 0.54331760625 0.7089846484375
0 0.64135215625 0.8282617312499999 0.562712028125 0.8218736359375001 0.5617006453125 0.908368675 0.6403407750000001 0.914756771875 0.64135215625 0.8282617312499999
0 0.703532790625 0.8250673421875 0.558669396875 0.8132997953125001 0.556935596875 0.9615770078124999 0.7017989921875001 0.973344553125 0.703532790625 0.8250673421875
0 0.7048331390625 0.713859434375 0.4813296171875 0.695703790625 0.4782473078125 0.959307721875 0.7017508296875 0.977463365625 0.7048331390625 0.713859434375
0 0.6982861312499999 0.9194637906249999 0.64861868125 0.9154292015625 0.6480407484375 0.9648549390625 0.6977081984375 0.9688895265624999 0.6982861312499999 0.9194637906249999
0 0.9133672640625001 0.9493034359375001 0.8843945859375 0.946949928125 0.8840574578125 0.9757816078125 0.913030134375 0.9781351171875 0.9133672640625001 0.9493034359375001
0 0.9148602578125 0.8216202828125001 0.8693317625000001 0.8179219109375 0.86870566875 0.8714664578125 0.9142341640625 0.87516483125 0.9148602578125 0.8216202828125001
0 0.9583462109375 1 0.9647714109375001 0.4505068171875 0.4722358703125 0.4104971578125 0.46554147968750004 0.98301194375 0.674671525 1 0.9583462109375 1
0 0.0289343265625 0.4115913875 0.0454901421875 0.41293625 0.0476092296875 0.23170854687500003 0.031053415625000004 0.2303636859375 0.0289343265625 0.4115913875
0 0.029078810937499998 0.3992349515625 0.0953020765625 0.4046144015625 0.09727668125 0.23574313593750001 0.031053415625000004 0.2303636859375 0.029078810937499998 0.3992349515625
0 0.9274697656249999 0.806153684375 0.85710754375 0.8004380187500001 0.8560961609375 0.886933059375 0.92645838125 0.8926487249999999 0.9274697656249999 0.806153684375
0 0.9217414937499999 0.9417382453125 0.8762129968749999 0.9380398734375 0.8756832265625001 0.9833467984375 0.9212117234375 0.987045171875 0.9217414937499999 0.9417382453125
0 0.94402558125 0.8074985453125001 0.8488296359374999 0.7997655875 0.8466623875 0.9851121015625001 0.94185833125 0.992845059375 0.94402558125 0.8074985453125001
2 0.886131284375 0.4441187203125 0.6212382171875 0.42260091875 0.6170482046875 0.7809375125 0.8819412703125 0.8024553109375001 0.886131284375 0.4441187203125