1 0 0.9754098656249999 0.44616016875 0.9858324515625 0.9337354046874999 0.9716454609375 0.9790930640625 0.4839959234375 0.9973908937499999 0.034935009375 0.053058696875 0.012874809374999999 0 0.5833197953125 0 0.9754098656249999
0 0.6265815109374999 0.8326307 0.5754791 0.8314369156250001 0.5680250140624999 0.911577328125 0.6191274265625 0.9127711140624999 0.6265815109374999 0.8326307
0 0.439050721875 0.095781209375 0.3432337 0.0935428625 0.3336924703125 0.19612259062499998 0.4295094921875 0.19836093593749998 0.439050721875 0.095781209375
0 0.6560493125 0.8943581421875001 0.62411030625 0.893612025 0.618743365625 0.9513131234375001 0.650682371875 0.9520592390625 0.6560493125 0.8943581421875001
0 0.6686985484375 0.82718941875 0.5728815265625 0.8249510703125 0.5612531515625 0.949970115625 0.6570701734375 0.9522084609375 0.6686985484375 0.82718941875
0 0.0985769484375 0.28058243437499997 0.066637940625 0.27983631875000003 0.06365630625 0.3118924828125 0.0955953140625 0.3126385984375 0.0985769484375 0.28058243437499997
0 0.8673670921875001 0.4463206234375 0.8354280875000001 0.4455745078125 0.832446453125 0.477630675 0.8643854578125 0.47837679062499994 0.8673670921875001 0.4463206234375
0 0.21436596406250003 0.3089879921875 0.188814759375 0.3083911015625 0.1861312890625 0.33724165 0.21168249218750002 0.3378385421875 0.21436596406250003 0.3089879921875
0 0.6788460093750001 0.236311415625 0.650100903125 0.2356399125 0.64711926875 0.2676960765625 0.675864375 0.26836757968749997 0.6788460093750001 0.236311415625
0 0.2357883078125 0.216323559375 0.21023710156250003 0.21572666875 0.20755362968750002 0.24457721562499998 0.2331048375 0.245174109375 0.2357883078125 0.216323559375
0 0.7232525484375001 0.7224486359375 0.6913135421875001 0.7217025203125 0.686542928125 0.7729923828125 0.7184819328125001 0.7737384984375 0.7232525484375001 0.7224486359375
0 0.6662273421875 0.8881707421874999 0.61512493125 0.8869769578125 0.6085653359375 0.957500521875 0.6596677468750001 0.95869430625 0.6662273421875 0.8881707421874999