1 1 0.46207349531249997 0.9243155125 0.0324051203125 0 0.190009371875 0 0.5437443296875 0.07339964375 0.9604414218749999 1 0.80244758125 1 0.46207349531249997
0 0.30454058906250003 0.6965670515625 0.3136799671875 0.7484522078125 0.40697754374999995 0.73254411875 0.3978381671875 0.6806589609375 0.30454058906250003 0.6965670515625
0 0.00440366875 0.5232804171875001 0.0181127359375 0.6011081546875 0.1528759015625 0.5781298015624999 0.139166834375 0.5003020640625 0.00440366875 0.5232804171875001
0 0.7276037734374999 0.4614282125 0.73445830625 0.50034208125 0.7785154953125 0.49282992812500004 0.7716609625 0.453916059375 0.7276037734374999 0.4614282125
0 0.10274055625 0.4450530453125 0.11416477968750001 0.50990949375 0.1970959578125 0.49576896875000004 0.1856717359375 0.43091252031250005 0.10274055625 0.4450530453125
0 0.263726471875 0.4042425984375 0.2788064453125 0.489853109375 0.353962825 0.477038259375 0.33888285156250003 0.3914277484375 0.263726471875 0.4042425984375
0 0.27511905937500003 0.696239340625 0.3043650671875 0.8622718468749999 0.4287618359375 0.8410610593750001 0.3995158265625 0.6750285546875 0.27511905937500003 0.696239340625
0 0.8158557125 0.5532674625 0.8185975265625001 0.568833009375 0.8393303203125001 0.5652978796875 0.8365885078125 0.54973233125 0.8158557125 0.5532674625
0 0.760875559375 0.18052101250000002 0.764074340625 0.1986808203125 0.7848071359375 0.19514568906250002 0.781608353125 0.1769858828125 0.760875559375 0.18052101250000002
0 0.3017797953125 0.817285678125 0.308634328125 0.856199546875 0.3500999171875 0.8491292859374999 0.34324538437499996 0.8102154171875 0.3017797953125 0.817285678125
0 0.75414593125 0.33932681875 0.761457434375 0.38083494687499997 0.8236558171875 0.370229553125 0.8163443140625001 0.328721425 0.75414593125 0.33932681875
0 0.9421372984374999 0.1335811765625 0.8436565234375 0.15037305 0.8642201234375 0.2671146578125 0.9627008984375 0.2503227828125 0.9421372984374999 0.1335811765625
0 0.8983742093749999 0.21853626718750002 0.9052287437500001 0.2574501359375 0.95446913125 0.2490542 0.9476145984375 0.21014033125 0.8983742093749999 0.21853626718750002
0 0.36720859687499996 0.597699796875 0.3708643484375 0.618453859375 0.396780340625 0.6140349453125 0.393124590625 0.5932808828125 0.36720859687499996 0.597699796875