1 0.1223958328125 0 0.1223958328125 0.9973958328125001 0.8854166671874999 0.9973958328125001 0.8854166671874999 0 0.1223958328125 0
0 0.3411458328125 0.2786458328125 0.2890625 0.2786458328125 0.2890625 0.3723958328125 0.3411458328125 0.3723958328125 0.3411458328125 0.2786458328125
0 0.5598958328125 0.015625 0.4817708328125 0.015625 0.4817708328125 0.1510416671875 0.5598958328125 0.1510416671875 0.5598958328125 0.015625
0 0.5 0.7317708328125 0.4609375 0.7317708328125 0.4609375 0.7760416671875 0.5 0.7760416671875 0.5 0.7317708328125
0 0.6197916671875 0.125 0.5546875 0.125 0.5546875 0.20833333281250002 0.6197916671875 0.20833333281250002 0.6197916671875 0.125
0 0.6328125 0.2890625 0.546875 0.2890625 0.546875 0.3645833328125 0.6328125 0.3645833328125 0.6328125 0.2890625
0 0.3463541671875 0.25 0.1796875 0.25 0.1796875 0.375 0.3463541671875 0.375 0.3463541671875 0.25
0 0.3958333328125 0.8020833328125001 0.3802083328125 0.8020833328125001 0.3802083328125 0.8229166671874999 0.3958333328125 0.8229166671874999 0.3958333328125 0.8020833328125001
0 0.7682291671875 0.8125 0.75 0.8125 0.75 0.8333333328125001 0.7682291671875 0.8333333328125001 0.7682291671875 0.8125
0 0.22395833281250002 0.2552083328125 0.1848958328125 0.2552083328125 0.1848958328125 0.296875 0.22395833281250002 0.296875 0.22395833281250002 0.2552083328125
0 0.6145833328125 0.7786458328125 0.5729166671875 0.7786458328125 0.5729166671875 0.8411458328125001 0.6145833328125 0.8411458328125001 0.6145833328125 0.7786458328125
0 0.7838541671875 0.8984375 0.6666666671875 0.8984375 0.6666666671875 0.9973958328125001 0.7838541671875 0.9973958328125001 0.7838541671875 0.8984375
0 0.7083333328125 0.9401041671874999 0.6692708328125 0.9401041671874999 0.6692708328125 0.9895833328125001 0.7083333328125 0.9895833328125001 0.7083333328125 0.9401041671874999
0 0.4270833328125 0.3567708328125 0.40625 0.3567708328125 0.40625 0.3828125 0.4270833328125 0.3828125 0.4270833328125 0.3567708328125