1 0.9835615765625001 1 0.98474750625 0.9320581906250001 0.9235511093750001 0.0537907265625 0.47816953125 0.027850203125 0.057302515624999995 0.040139817187499996 0.124184171875 1 0.9835615765625001 1
0 0.4027859734375 0.050809557812499996 0.4013425171875 0.03009360625 0.3566173171875 0.0313996140625 0.358060775 0.052115564062499994 0.4027859734375 0.050809557812499996
0 0.6258804640625 0.7293123578125 0.5329896640625 0.732024834375 0.5392446453125 0.821793953125 0.6321354453125 0.8190814765625 0.6258804640625 0.7293123578125
0 0.551899275 0.9044568296875 0.48997207343750004 0.9062651484375 0.4950241734375 0.9787709765624999 0.5569513749999999 0.9769626578124999 0.551899275 0.9044568296875
0 0.8903101140624999 0.7146714578125 0.8387041140625 0.716178390625 0.842553334375 0.7714209249999999 0.8941593343750001 0.7699139921875 0.8903101140624999 0.7146714578125
0 0.23896914218749998 0.321988746875 0.20112474218749998 0.3230938296875 0.20449280781249998 0.37143104843749997 0.24233720937499997 0.37032596406249996 0.23896914218749998 0.321988746875
0 0.8710624140625001 0.933193559375 0.8263372140625 0.9344995671874999 0.828983553125 0.972478809375 0.8737087515624999 0.9711728031250001 0.8710624140625001 0.933193559375
0 0.44053125781249997 0.9388460046875 0.419888859375 0.9394487781249999 0.422294621875 0.9739753625 0.442937021875 0.9733725906249999 0.44053125781249997 0.9388460046875
0 0.52671110625 0.49349001562500006 0.45102230624999995 0.49570018281249995 0.4587207453125 0.6061852515624999 0.5344095453125 0.6039750859375 0.52671110625 0.49349001562500006
0 0.7459815546875 0.77078120625 0.6702927546875 0.772991371875 0.6777506171875001 0.8800237828125 0.7534394171875001 0.8778136171875 0.7459815546875 0.77078120625
0 0.632857175 0.8294394515624999 0.5502875734375 0.8318505421875001 0.5548585218750001 0.8974510515624999 0.637428121875 0.8950399609374999 0.632857175 0.8294394515624999
0 0.44693090625 0.9317397656249999 0.41252690625 0.9327443859375 0.4158949734375 0.9810816046875 0.4502989734375 0.9800769828125 0.44693090625 0.9317397656249999