1 0.583816028125 0 0 0.12959000781250002 0 0.545711071875 0.0723521953125 0.9968786749999999 0.253181925 0.9916170671875 0.969911525 0.832524153125 0.9842208593749999 0.42275844687499997 0.91642454375 0 0.583816028125 0
0 0.4946759046875 0.5367708796875 0.5042349765624999 0.596378528125 0.5909932921875 0.57712073125 0.5814342203125 0.5175130828125 0.4946759046875 0.5367708796875
0 0.24964171093749998 0.49470896093750005 0.25561613125 0.531963740625 0.304653440625 0.5210788984375 0.2986790203125 0.48382411875000003 0.24964171093749998 0.49470896093750005
0 0.0826969421875 0.5742048125 0.08926880468750001 0.61518506875 0.1307619125 0.60597481875 0.12419004843749999 0.5649945609375 0.0826969421875 0.5742048125
0 0.393766428125 0.443427046875 0.3985459640625 0.47323086875 0.42872277031249995 0.466532503125 0.4239432328125 0.4367286828125 0.393766428125 0.443427046875
0 0.341894259375 0.33919836875 0.3490635640625 0.383904103125 0.39432877187500004 0.3738565578125 0.38715946875 0.329150821875 0.341894259375 0.33919836875
0 0.554209528125 0.46954287031249997 0.5595865078125 0.503072171875 0.604851715625 0.49302462656249996 0.5994747375 0.4594953234375 0.554209528125 0.46954287031249997
0 0.18686323437500002 0.41990781093749996 0.191642771875 0.4497116359375 0.233135878125 0.4405013828125 0.22835634218749998 0.4106975609375 0.18686323437500002 0.41990781093749996
0 0.724434246875 0.6053721453125 0.731006109375 0.6463524015625 0.7762713171875 0.63630485625 0.7696994546875 0.5953245984375 0.724434246875 0.6053721453125
0 0.4346269953125 0.35719535156250004 0.44060141562500005 0.3944501296875 0.504727128125 0.38021610625 0.4987527078125 0.3429613265625 0.4346269953125 0.35719535156250004
0 0.436349128125 0.22177984999999997 0.4417261078125 0.25530915 0.4756750125 0.24777349218750003 0.4702980359375 0.21424419062500002 0.436349128125 0.22177984999999997
0 0.7150977187499999 0.595870303125 0.725254234375 0.6592034265625 0.8082404500000001 0.6407829265625 0.7980839359375 0.5774498015625 0.7150977187499999 0.595870303125
0 0.473425634375 0.5260554484375 0.4877642421875 0.6154669171875 0.6046993625 0.5895107546875 0.5903607546874999 0.5000992859375 0.473425634375 0.5260554484375
0 0.6831285874999999 0.591392234375 0.697467196875 0.6808037031249999 0.81817441875 0.654010246875 0.803835809375 0.5645987765625 0.6831285874999999 0.591392234375
0 0.5448730015625001 0.46004102812500003 0.553237190625 0.51219771875 0.6173629015625 0.49796369531250007 0.6089987125 0.4458070046875 0.5448730015625001 0.46004102812500003
0 0.240902625 0.4889325953125 0.2492668140625 0.5410892859375 0.3133925265625 0.5268552625 0.30502833749999997 0.47469857187500003 0.240902625 0.4889325953125
0 0.17812414999999998 0.41413144687500003 0.1852934546875 0.45883718125 0.24187496562500002 0.44627774843749995 0.2347056609375 0.4015720140625 0.17812414999999998 0.41413144687500003