0 0.23908980937500002 0.5673608609375 0.2346904875 0.604980221875 0.26856521875 0.6091373921875001 0.2729645375 0.5715180296875 0.23908980937500002 0.5673608609375
0 0.3993226640625 0.503074571875 0.395803209375 0.5331700609375 0.44096951406249996 0.538712953125 0.4444889703125 0.508617465625 0.3993226640625 0.503074571875
0 0.8343660875 0.537384275 0.82996676875 0.5750036374999999 0.8713692156249999 0.580084621875 0.8757685359374999 0.542465259375 0.8343660875 0.537384275
0 0.44155610312500004 0.435754953125 0.4375967140625 0.46961237968749997 0.47899916249999996 0.47469336406249996 0.48295855000000004 0.44083593906249996 0.44155610312500004 0.435754953125
0 0.170998165625 0.69256191875 0.16747870781250002 0.722657409375 0.20135343906249997 0.7268145765625 0.2048728953125 0.6967190890625 0.170998165625 0.69256191875
0 0.9902636921875001 0.3695359671875 0.95754694375 0.365520909375 0.95446741875 0.3918544625 0.9894892328125 0.3961524046875 0.9902636921875001 0.3695359671875
0 0.16723430781249998 0.6921000125 0.161075259375 0.74476711875 0.2062415640625 0.7503100109374999 0.21240061250000003 0.6976429046875 0.16723430781249998 0.6921000125
0 0.21284054531250002 0.69388096875 0.2093210875 0.7239764578125001 0.239431959375 0.72767171875 0.24295141406249998 0.6975762296875 0.21284054531250002 0.69388096875
0 0.3217969546875 0.44776936718749993 0.3178375671875 0.48162679375 0.35171229843749996 0.4857839640625 0.3556716859375 0.4519265359375 0.3217969546875 0.44776936718749993
0 0.3847560359375 0.562341734375 0.381236578125 0.5924372250000001 0.407583590625 0.5956705796875 0.411103046875 0.5655750890625 0.3847560359375 0.562341734375
0 0.167869803125 0.3601924875 0.12211687499999999 0.75143385 0.551196778125 0.8040913265625 0.5969497078125 0.4128499625 0.167869803125 0.3601924875