1 0.101136521875 0 0 0.36795876562499996 0 0.9057536953125 0.3964564484375 0.981947821875 0.851142209375 0.9634207968749999 0.9740588078125001 0.516220925 0.9952361375000001 0.0615351640625 0.6750538046875 0 0.101136521875 0
0 0.3036637984375 0.1400360578125 0.2675178171875 0.1330892390625 0.2585067171875 0.165873775 0.2946526953125 0.1728205953125 0.3036637984375 0.1400360578125
0 0.5099128578125 0.235763715625 0.4657344375 0.22727315781250002 0.4544705578125 0.26825383125 0.49864897968750005 0.2767443875 0.5099128578125 0.235763715625
0 0.23343073281249999 0.19557083749999998 0.20531719375000002 0.19016775625 0.19630609062499998 0.22295229375 0.22441963125000003 0.22835537499999997 0.23343073281249999 0.19557083749999998
0 0.6960900765625 0.6814265203125001 0.6679765390625 0.6760234390625001 0.6589654359375 0.708807975 0.687078975 0.71421105625 0.6960900765625 0.6814265203125001
0 0.716512784375 0.6378915171874999 0.6803668046875 0.6309446984375 0.6691029265624999 0.6719253703125 0.70524890625 0.6788721890625 0.716512784375 0.6378915171874999
0 0.2538995953125 0.044181075 0.2217698359375 0.0380061234375 0.21275873281250002 0.0707906625 0.2448884921875 0.0769656125 0.2538995953125 0.044181075
0 0.669158340625 0.9178650984375001 0.6450610218749999 0.9132338875 0.6371763078125 0.94192035625 0.6612736265625 0.9465515703125 0.669158340625 0.9178650984375001
0 0.7509507359375001 0.8818100640625 0.710788534375 0.8740913765625 0.69952465625 0.9150720484375 0.73968685625 0.9227907359374999 0.7509507359375001 0.8818100640625
0 0.7978712609375 0.8649403484375 0.76172528125 0.8579935296875 0.7527141796875 0.8907780656250001 0.788860159375 0.8977248843750001 0.7978712609375 0.8649403484375
0 0.68786375625 0.757507334375 0.6637664375 0.752876121875 0.654755334375 0.7856606578124999 0.6788526546875 0.7902918718749999 0.68786375625 0.757507334375
0 0.3764912453125 0.028910796875 0.34436148437499997 0.022735846875 0.33422399375 0.059618451562499994 0.36635375468750003 0.06579340312500001 0.3764912453125 0.028910796875