0 0.19993355156249998 0.4193365765625 0.20194759843750001 0.3966151015625 0.1674166125 0.390400828125 0.165402565625 0.41312230312500003 0.19993355156249998 0.4193365765625
0 0.735645609375 0.708110553125 0.73765965625 0.6853890796875 0.69929189375 0.6784843328125 0.6972778453124999 0.7012058062500001 0.735645609375 0.708110553125
0 0.1250711953125 0.6482454046874999 0.1267495671875 0.62931084375 0.0998921359375 0.6244775203125 0.0982137625 0.6434120812499999 0.1250711953125 0.6482454046874999
0 0.973810971875 0.5278267 0.9754893421874999 0.5088921390625 0.948631909375 0.504058815625 0.9469535375 0.522993378125 0.973810971875 0.5278267
0 0.8482043796875001 0.49368029687500004 0.8498827500000001 0.47474573593749997 0.8230253171875 0.4699124140625 0.8213469453125001 0.48884697343749994 0.8482043796875001 0.49368029687500004
0 1 0.713363825 0.9695446015625 0.7078830015625 0.9668592046875 0.7381783015625001 0.9975534156249999 0.7437020999999999 1 0.7161009640625 1 0.713363825
0 0.368224715625 0.4996377984375 0.3705744359375 0.47312941249999996 0.33220667187499997 0.4662246671875 0.3298569515625 0.4927330515625 0.368224715625 0.4996377984375
0 0.8882505125 0.48165048437499997 0.889928884375 0.46271592031250003 0.866908228125 0.4585730734375 0.8652298546875 0.47750763437500005 0.8882505125 0.48165048437499997
0 0.6240903828125 0.603393765625 0.6257687546875 0.5844592046875 0.5989113203125 0.5796258828124999 0.59723295 0.5985604437500001 0.6240903828125 0.603393765625
0 0.1324090734375 0.653413265625 0.1350944703125 0.6231179671875 0.09672670625 0.6162132203125 0.0940413109375 0.6465085187499999 0.1324090734375 0.653413265625
0 1 0.10548710312500001 0.5349634046875 0.0217980890625 0.06535663124999999 0.002663078125 0.0243715359375 0.4650365953125 0.048982582812499995 0.93464336875 0.41215122031250007 1 0.990426921875 1 1 0.892001278125 1 0.10548710312500001
0 1 0.5440816984375 0.99582460625 0.5433302859375 0.9941462328125 0.5622648484375 1 0.5633183046875 1 0.5440816984375
0 0.9773120734375 0.5323040890625 0.9796617953125001 0.5057957 0.9451308078125 0.49958142812500006 0.9427810859375001 0.526089815625 0.9773120734375 0.5323040890625
0 0.3029995171875 0.48789972812500004 0.30501356562500004 0.46517825312500005 0.27431935625000003 0.45965445625 0.2723053109375 0.48237593125 0.3029995171875 0.48789972812500004
0 1 0.4902192046875 0.9429724046875 0.47995639062500006 0.936258915625 0.5556946375 1 0.567165625 1 0.4902192046875