0 0.46441947499999997 0.146067415625 0.44194756562500004 0.146067415625 0.44194756562500004 0.17977528125 0.46441947499999997 0.17977528125 0.46441947499999997 0.146067415625
0 0.65168539375 0.681647940625 0.6292134828125 0.681647940625 0.6292134828125 0.7191011234375 0.65168539375 0.7191011234375 0.65168539375 0.681647940625
0 0.70037453125 0.1011235953125 0.681647940625 0.1011235953125 0.681647940625 0.1273408234375 0.70037453125 0.1273408234375 0.70037453125 0.1011235953125
0 0.43445692812500003 0.9063670406250001 0.4157303375 0.9063670406250001 0.4157303375 0.9325842703125 0.43445692812500003 0.9325842703125 0.43445692812500003 0.9063670406250001
0 0.4232209734375 0.7827715359375 0.40449438125 0.7827715359375 0.40449438125 0.8089887640625 0.4232209734375 0.8089887640625 0.4232209734375 0.7827715359375
0 0.6404494374999999 0.943820225 0.6104868906250001 0.943820225 0.6104868906250001 0.973782771875 0.6404494374999999 0.973782771875 0.6404494374999999 0.943820225
0 0.43445692812500003 0.9625468171874999 0.4007490640625 0.9625468171874999 0.4007490640625 0.9962546812499999 0.43445692812500003 0.9962546812499999 0.43445692812500003 0.9625468171874999
0 0.5131086140625001 0.3108614234375 0.4868913859375 0.3108614234375 0.4868913859375 0.34831460625 0.5131086140625001 0.34831460625 0.5131086140625001 0.3108614234375
0 0.40449438125 0.8239700375 0.385767790625 0.8239700375 0.385767790625 0.846441946875 0.40449438125 0.846441946875 0.40449438125 0.8239700375
0 0.5692883890625 0.5767790265625 0.5505617984375 0.5767790265625 0.5505617984375 0.6029962546875 0.5692883890625 0.6029962546875 0.5692883890625 0.5767790265625
0 0.70411985 0.0973782765625 0.674157303125 0.0973782765625 0.674157303125 0.1348314609375 0.70411985 0.1348314609375 0.70411985 0.0973782765625
0 0 0 0 0.9962546812499999 0.9962546812499999 0.9962546812499999 0.9962546812499999 0 0 0
0 0.46441947499999997 0.9550561796875 0.445692884375 0.9550561796875 0.445692884375 0.977528090625 0.46441947499999997 0.977528090625 0.46441947499999997 0.9550561796875
0 0.438202246875 0.9026217234375 0.41198501875 0.9026217234375 0.41198501875 0.9363295875000001 0.438202246875 0.9363295875000001 0.438202246875 0.9026217234375
0 0.5131086140625001 0.25468164843749996 0.49063670468750004 0.25468164843749996 0.49063670468750004 0.28464419531249996 0.5131086140625001 0.28464419531249996 0.5131086140625001 0.25468164843749996
0 0.46816479375000003 0.8988764046875 0.3932584265625 0.8988764046875 0.3932584265625 0.9962546812499999 0.46816479375000003 0.9962546812499999 0.46816479375000003 0.8988764046875