0 0.6356877328125 0.9553903343749999 0.617100371875 0.9553903343749999 0.617100371875 0.9814126390625001 0.6356877328125 0.9814126390625001 0.6356877328125 0.9553903343749999
0 0.672862453125 0.197026021875 0.6505576203125 0.197026021875 0.6505576203125 0.2267658 0.672862453125 0.2267658 0.672862453125 0.197026021875
0 0.44609665468750004 0.5910780671875 0.42750929375 0.5910780671875 0.42750929375 0.6133829000000001 0.44609665468750004 0.6133829000000001 0.44609665468750004 0.5910780671875
0 0.6840148703125 0.0037174718750000004 0.3382899625 0.0037174718750000004 0.3382899625 0.327137546875 0.6840148703125 0.327137546875 0.6840148703125 0.0037174718750000004
0 0.6505576203125 0.2750929375 0.6282527875 0.2750929375 0.6282527875 0.3122676578125 0.6505576203125 0.3122676578125 0.6505576203125 0.2750929375
0 0.6394052046875001 0.947955390625 0.609665428125 0.947955390625 0.609665428125 0.988847584375 0.6394052046875001 0.988847584375 0.6394052046875001 0.947955390625
0 0.6022304828125 0.2639405203125 0.5799256500000001 0.2639405203125 0.5799256500000001 0.29368029687499997 0.6022304828125 0.29368029687499997 0.6022304828125 0.2639405203125
0 0.6877323421875 0.011152415625 0.2565055765625 0.011152415625 0.2565055765625 0.5985130109375 0.6877323421875 0.5985130109375 0.6877323421875 0.011152415625
0 0.4535315984375 0.5836431234375 0.42007435 0.5836431234375 0.42007435 0.62081784375 0.4535315984375 0.62081784375 0.4535315984375 0.5836431234375
0 0.520446096875 0.0706319703125 0.5018587359375 0.0706319703125 0.5018587359375 0.096654275 0.520446096875 0.096654275 0.520446096875 0.0706319703125
0 0.37546468437499997 0.8289962828125 0.3568773234375 0.8289962828125 0.3568773234375 0.851301115625 0.37546468437499997 0.851301115625 0.37546468437499997 0.8289962828125
0 0.5427509296874999 0.527881040625 0.5241635687499999 0.527881040625 0.5241635687499999 0.5501858734375 0.5427509296874999 0.5501858734375 0.5427509296874999 0.527881040625
0 0.49070632031250006 0.20817843906250003 0.47211895937500004 0.20817843906250003 0.47211895937500004 0.237918215625 0.49070632031250006 0.237918215625 0.49070632031250006 0.20817843906250003
0 0.34200743437500003 0.9702602234375 0.3122676578125 0.9702602234375 0.3122676578125 0.996282528125 0.34200743437500003 0.996282528125 0.34200743437500003 0.9702602234375
0 0.49070632031250006 0.1152416359375 0.44981412656249997 0.1152416359375 0.44981412656249997 0.1672862453125 0.49070632031250006 0.1672862453125 0.49070632031250006 0.1152416359375
0 0.37918215625 0.8215613390625001 0.35315985156249996 0.8215613390625001 0.35315985156249996 0.8550185875 0.37918215625 0.8550185875 0.37918215625 0.8215613390625001
0 0.47583643125 0.1263940515625 0.4535315984375 0.1263940515625 0.4535315984375 0.1672862453125 0.47583643125 0.1672862453125 0.47583643125 0.1263940515625
0 0.676579925 0.189591078125 0.6431226765625 0.189591078125 0.6431226765625 0.23420074375 0.676579925 0.23420074375 0.676579925 0.189591078125
0 0.609665428125 0.2565055765625 0.5687732343749999 0.2565055765625 0.5687732343749999 0.30111524218749997 0.609665428125 0.30111524218749997 0.609665428125 0.2565055765625
0 0.6542750921875 0.2602230484375 0.57249070625 0.2602230484375 0.57249070625 0.323420075 0.6542750921875 0.323420075 0.6542750921875 0.2602230484375
0 0.6542750921875 0.2676579921875 0.62081784375 0.2676579921875 0.62081784375 0.3197026015625 0.6542750921875 0.3197026015625 0.6542750921875 0.2676579921875
0 0.4944237921875 0.20074349374999997 0.46468401562499995 0.20074349374999997 0.46468401562499995 0.2416356875 0.4944237921875 0.2416356875 0.4944237921875 0.20074349374999997
0 0.390334571875 0.81412639375 0.34200743437500003 0.81412639375 0.34200743437500003 0.866171003125 0.390334571875 0.866171003125 0.390334571875 0.81412639375
0 0.6505576203125 0.8104089218749999 0.2230483265625 0.8104089218749999 0.2230483265625 0.996282528125 0.6505576203125 0.996282528125 0.6505576203125 0.8104089218749999
0 0.6431226765625 0.947955390625 0.286245353125 0.947955390625 0.286245353125 0.996282528125 0.6431226765625 0.996282528125 0.6431226765625 0.947955390625
0 0.6505576203125 0.940520446875 0.5985130109375 0.940520446875 0.5985130109375 0.996282528125 0.6505576203125 0.996282528125 0.6505576203125 0.940520446875