0 0.672116925 0.1559217703125 0.648087759375 0.1594895328125 0.6550928953125 0.191965409375 0.6791220609375 0.188397646875 0.672116925 0.1559217703125
0 0.520638453125 0.6224993875 0.500614146875 0.625472521875 0.5058679984375 0.6498294296875 0.525892303125 0.6468562953125 0.520638453125 0.6224993875
0 0.65748901875 0.030623043750000002 0.45185547656249997 0.0210455078125 0.2766537703125 0.047058809374999996 0.3423269125 0.35152015625 0.714778975 0.29621985 0.65748901875 0.030623043750000002
0 0.666476240625 0.24473870937500003 0.642447075 0.24830647031250003 0.65120349375 0.2889013171875 0.675232659375 0.28533355625 0.666476240625 0.24473870937500003
0 0.611786121875 0.24029040625000003 0.58775695625 0.24385816718750003 0.5947620921875 0.2763340453125 0.6187912578125 0.27276628281250004 0.611786121875 0.24029040625000003
0 0.6616640874999999 0.030817499999999998 0.4518554734375 0.021045506250000002 0.18854683125 0.06014060156249999 0.31814183125 0.6609443296874999 0.7827056921875 0.591967603125 0.6616640874999999 0.030817499999999998
0 0.5268968890625 0.6131911640625 0.4908531421875 0.61854280625 0.4996095609375 0.6591376515625 0.535653309375 0.653786009375 0.5268968890625 0.6131911640625
0 0.47814580468749995 0.042278996875 0.4581215 0.04525213125 0.46425099531249997 0.073668525 0.4842752984375 0.0706953890625 0.47814580468749995 0.042278996875
0 0.5005871765625 0.893604315625 0.48056287343750004 0.8965774515625 0.48581672343750004 0.9209343593750001 0.5058410265625 0.917961225 0.5005871765625 0.893604315625
0 0.609878921875 0.538027846875 0.58985461875 0.5410009828125 0.5951084703125 0.565357890625 0.6151327734375001 0.56238475625 0.609878921875 0.538027846875
0 0.4785056671875 0.19723694375 0.4584813625 0.20021007812499997 0.4654864984375 0.23268595625000002 0.48551080312500006 0.22971282187500003 0.4785056671875 0.19723694375
0 0.4566146203125 0.095749828125 0.41256115156249995 0.102290725 0.4248201359375 0.159123509375 0.46887360625 0.1525826125 0.4566146203125 0.095749828125
0 0.502840753125 0.88489071875 0.4748067265625 0.889053109375 0.4826875046875 0.925588471875 0.51072153125 0.9214260812499999 0.502840753125 0.88489071875
0 0.4432221015625 0.1103067890625 0.4191929359375 0.1138745515625 0.4288249984375 0.15852888125 0.4528541625 0.1549611203125 0.4432221015625 0.1103067890625
0 0.6743705015625 0.147208175 0.6383267546875 0.152559815625 0.64883445625 0.20127363125 0.684878203125 0.195921990625 0.6743705015625 0.147208175
0 0.6180445609375 0.23098218125 0.5739910921875 0.237523078125 0.58449879375 0.28623689531249996 0.6285522640625001 0.279696 0.6180445609375 0.23098218125
0 0.6669785328125 0.22790614374999998 0.57887159375 0.2409879375 0.5937575046875 0.3099991765625 0.68186444375 0.2969173828125 0.6669785328125 0.22790614374999998
0 0.668729815625 0.2360251125 0.63268606875 0.2413767546875 0.6449450546875 0.298209540625 0.6809888015625 0.2928578984375 0.668729815625 0.2360251125
0 0.4807592453125 0.18852334843750002 0.44872035937500004 0.1932803640625 0.45835241875 0.23793469531250003 0.49039130468750003 0.23317768125 0.4807592453125 0.18852334843750002
0 0.5131040515625 0.874987871875 0.46104086093749996 0.8827180203125 0.4732998484375 0.9395508046875 0.5253630390625 0.9318206546875001 0.5131040515625 0.874987871875
0 0.7433680421875 1 0.82671870625 0.9876244015625 0.792568671875 0.8293044999999999 0.3320096703125 0.8976865984375 0.35407895 1 0.7433680421875 1
0 0.82671870625 0.9876244015625 0.8232161375 0.9713864624999999 0.7671480859375001 0.9797112390624999 0.7706506531249999 0.995949178125 0.82671870625 0.9876244015625