1 0.6467458171875 0 0.036010975 0.10420046875 0.1982410609375 0.9954173875000001 0.5757102859375001 0.9844341546875001 1 0.9120440046875 1 0.3318437015625 0.93959379375 0 0.6467458171875 0
0 1 0.738917246875 0.946045190625 0.4425145296875 0.5471755218750001 0.5105676406249999 0.612695021875 0.8705014171875 1 0.804421415625 1 0.738917246875
0 0.4966720140625 0.7826740812499999 0.5218259578125 0.77838244375 0.5178947890625001 0.7567864171875 0.49274084531250006 0.7610780546875 0.4966720140625 0.7826740812499999
0 1 0.6982099015625 0.949300859375 0.41969232187500005 0.169528628125 0.5527330890625 0.2435656625 0.9594582546874999 1 0.8303992828125001 1 0.6982099015625
0 0.328456753125 0.8559075984375 0.353610696875 0.8516159609375 0.347058746875 0.8156225828125001 0.3219048046875 0.8199142203124999 0.328456753125 0.8559075984375
0 0.2790809015625 0.7678426375 0.3006414234375 0.764164090625 0.2947446671875 0.73177005 0.2731841453125 0.735448596875 0.2790809015625 0.7678426375
0 0.7035031734375 0.8401636984374999 0.7250636953125 0.8364851515625 0.7191669421875 0.8040911109375 0.6976064203125001 0.80776965625 0.7035031734375 0.8401636984374999
0 0.8099141796874999 0.6512967 0.8350681234374999 0.6470050625 0.8298265640625001 0.618210359375 0.8046726203125001 0.622501996875 0.8099141796874999 0.6512967
0 0.8259766093750001 0.7598899218749999 0.84753713125 0.7562113765625 0.841640378125 0.7238173359375 0.8200798546874999 0.7274958828125 0.8259766093750001 0.7598899218749999
0 0.3033434203125 0.9418370312500001 0.3249039421875 0.9381584843749999 0.3196623828125 0.9093637812500001 0.298101859375 0.913042328125 0.3033434203125 0.9418370312500001
0 0.7544662546875001 0.835179759375 0.776026778125 0.8315012125000001 0.7714404125 0.8063058484375001 0.7498798890625 0.8099843953124999 0.7544662546875001 0.835179759375
0 0.9602638609374999 0.7852231265625 0.9854178031249999 0.7809314890625 0.9788658531250001 0.7449381109375001 0.953711909375 0.74922975 0.9602638609374999 0.7852231265625
0 0.251407696875 0.961831409375 0.3843642546875 0.9391470390625001 0.3581564546875 0.7951735296875 0.22519989687500003 0.8178578999999999 0.251407696875 0.961831409375