0 0.6814181390625 0.9579097375 0.684344765625 0.9721857343750001 0.7002901500000001 0.9695461328125001 0.6973635218750001 0.955270134375 0.6814181390625 0.9579097375
0 0.868862846875 0.6704168875 0.8716065609375001 0.6838006359375 0.8875519421875 0.681161034375 0.884808228125 0.667777284375 0.868862846875 0.6704168875
0 0.948740825 0.738376465625 0.956423225 0.775850959375 0.9838847156250001 0.7713049765625 0.9762023171875001 0.7338304828125 0.948740825 0.738376465625
0 0.309512846875 0.24731782343750003 0.312805303125 0.2633783203125 0.33052239375000003 0.2604454296875 0.32722993749999996 0.2443849328125 0.309512846875 0.24731782343750003
0 0.6968016875 0.5236193265625 0.7006428875 0.5423565734375 0.7227892515625001 0.5386904593749999 0.7189480515625 0.5199532109375 0.6968016875 0.5236193265625
0 0.09543383125 0.3021296375 0.09890920156250001 0.319082384375 0.1183980015625 0.31585620312499996 0.1149226328125 0.2989034578125 0.09543383125 0.3021296375
0 0.863701915625 0.6675811109375 0.8680918578125001 0.6889951078125 0.8928957859375 0.684889059375 0.88850584375 0.6634750625 0.863701915625 0.6675811109375
0 0.7008938484375 0.525709496875 0.7036375625 0.53909324375 0.7186970890625 0.5366002875 0.715953375 0.5232165390625 0.7008938484375 0.525709496875
0 0.3163630484375 0.9196303890624999 0.32313087500000004 0.9526436328125 0.35059236562499996 0.9480976515625 0.3438245390625 0.9150844062499999 0.3163630484375 0.9196303890624999
0 1 0.4226886796875 0.9808451078125 0.42585958437500004 0.9877958484375 0.45976507968749997 1 0.4577448015625 1 0.4226886796875
0 0.67323381875 0.9537293953124999 0.6783554171875 0.978712390625 0.707588615625 0.9738731203125001 0.7024670171875 0.9488901234375 0.67323381875 0.9537293953124999
0 0.8009592046874999 0.446412646875 0.8102878312499999 0.49191738906250004 0.847493721875 0.48575831718750007 0.8381650953124999 0.440253575 0.8009592046874999 0.446412646875
0 0.0837060921875 0.2985358734375 0.08937643437500001 0.32619561875 0.1239247609375 0.32047647968750004 0.11825441875 0.292816734375 0.0837060921875 0.2985358734375
0 0.66479104375 0.9080780078125 0.67905835625 0.977673496875 0.770301371875 0.9625691046875 0.7560340609375 0.8929736171875 0.66479104375 0.9080780078125
0 0.856220534375 0.662361875 0.8633541890625 0.69715961875 0.8996742265625001 0.691147190625 0.8925405703125 0.656349446875 0.856220534375 0.662361875
0 0.5887705375000001 1 0.7310153796875001 0.9764527546874999 0.704675728125 0.847968775 0.2272001359375 0.9270102031249999 0.24216329218750002 1 0.5887705375000001 1
0 0.6886173656250001 0.519438984375 0.6946535359375 0.5488832296874999 0.7309735734375 0.5428708015625 0.724937403125 0.51342655625 0.6886173656250001 0.519438984375