0 0.235916828125 0.686759875 0.181846453125 0.6810970546874999 0.17680373437500002 0.747408615625 0.23087410937500003 0.753071434375 0.235916828125 0.686759875
0 0.423408503125 0.15079109531249998 0.36517886875 0.14469267187499998 0.35982098281249997 0.21514870468749997 0.4180506171875 0.221247128125 0.423408503125 0.15079109531249998
0 0.71102775625 0.1725586609375 0.6819129390625001 0.1695094515625 0.6793915796875 0.2026652296875 0.7085063984375 0.205714440625 0.71102775625 0.1725586609375
0 0.4305283953125 0.2225539328125 0.3930950578125 0.21863351875 0.39025852968749997 0.25593377031250003 0.4276918671875 0.2598541859375 0.4305283953125 0.2225539328125
0 0.2513601515625 0.483680725 0.218086071875 0.48019591093749997 0.21556471406250002 0.5133516921875 0.24883879062499997 0.5168365046875001 0.2513601515625 0.483680725
0 0.6413279046875 0.2070337609375 0.562301971875 0.19875733125 0.5569440859375 0.2692133609375 0.6359700171875 0.27748979218750003 0.6413279046875 0.2070337609375
0 0.8877987468749999 0.053215134374999994 0.8420468890624999 0.0484235171875 0.8370041734375 0.1147350765625 0.882756028125 0.11952669375 0.8877987468749999 0.053215134374999994
0 0.3636049875 0 0.361525846875 0.027340639062499998 0.43639252031250003 0.03518146875 0.4390679234375 0 0.3636049875 0
0 0.24838969375 0.9637798703125 0.2515413921875 0.9223351453124999 0.1683562015625 0.9136231125000001 0.16520450312499999 0.9550678375 0.24838969375 0.9637798703125
0 0.24902494687500001 0.6797777359375 0.1741582734375 0.67193690625 0.1678548765625 0.7548263562499999 0.24272155 0.7626671843749999 0.24902494687500001 0.6797777359375
0 0.25646491875 0.47168290781250005 0.21071306406249998 0.466891290625 0.20661585625 0.5207694328125 0.2523677109375 0.5255610500000001 0.25646491875 0.47168290781250005
0 0.673408265625 0.005697015625 0.6664745296875 0.09687541093749999 0.91603010625 0.1230115078125 0.9229638421875 0.031833112499999996 0.673408265625 0.005697015625