1 0.8686078109375 1 0.8799836187500001 0.023357967187500002 0.357209684375 0.002078184375 0.16295535781249998 0.000948046875 0.151457384375 0.9880783609374999 0.44433268750000005 1 0.8686078109375 1
0 0.5618652625 0.9859891781250001 0.580082828125 0.9867307328124999 0.580294809375 0.9685316593750001 0.56207724375 0.9677901046875 0.5618652625 0.9859891781250001
0 0.36345385 0.95911769375 0.3787330984375 0.9597396421875001 0.3789177265625 0.9438888375 0.363638478125 0.9432668874999999 0.36345385 0.95911769375
0 0.537848340625 0.725992321875 0.5501892734375 0.726494665625 0.5503875765624999 0.709469728125 0.5380466453125 0.7089673828125 0.537848340625 0.725992321875
0 0.6669983515625 0.64197296875 0.732228990625 0.6446282171875 0.7329127984375 0.585921528125 0.6676821609375 0.5832662828124999 0.6669983515625 0.64197296875
0 0.358943596875 0.993000121875 0.375398171875 0.9936699156250001 0.375623828125 0.9742967078125 0.35916925312500003 0.9736269156249999 0.358943596875 0.993000121875
0 0.3581170125 0.96301186875 0.384561865625 0.9640883203125 0.384849065625 0.9394315140625 0.35840421093749997 0.9383550625 0.3581170125 0.96301186875
0 0.533092328125 0.7304974875 0.5554235375000001 0.7314064921875 0.5557449296875 0.70381435 0.53341371875 0.702905346875 0.533092328125 0.7304974875
0 0.5541435828125 0.9927230046875 0.5894033875 0.994158275 0.5897999953124999 0.960108396875 0.5545401921875001 0.9586731281249999 0.5541435828125 0.9927230046875
0 0.3548094390625 0.994593875 0.384780271875 0.995813853125 0.385429890625 0.9400425015625 0.35545905625 0.9388225234375 0.3548094390625 0.994593875
0 0.605209778125 1 0.60579683125 0.9495999953125001 0.5399785296874999 0.9469208281249999 0.53936026875 1 0.605209778125 1
0 0.3953377 0.998005634375 0.39612407968749996 0.9304929468750001 0.3449973625 0.9284118078124999 0.3442109828125 0.9959244953124999 0.3953377 0.998005634375
0 0.5916871109375 1 0.5922805734375001 0.9490498109375001 0.351338575 0.9392421421874999 0.3506889578125 0.9950134937499999 0.47319093749999996 1 0.5916871109375 1