1 1 0.446160171875 0.9825672609374999 0.11423402187500001 0 0.2057647390625 0 0.5130929640625 0.019735520312499998 0.8888649671875 1 0.797548765625 1 0.446160171875
0 0.86639799375 0.6537803296875 0.86953815 0.7135701515624999 0.9614120671874999 0.7050116671875 0.9582719109375001 0.645221846875 0.86639799375 0.6537803296875
0 0.5269658640625 0.2287742234375 0.529477990625 0.2766060796875 0.5893957624999999 0.271024459375 0.5868836359375 0.2231926046875 0.5269658640625 0.2287742234375
0 0.5418292765625 0.5117793734375 0.5441320578125 0.5556252421875 0.612038865625 0.5492994062500001 0.6097360843749999 0.5054535375 0.5418292765625 0.5117793734375
0 1 0.4461601578125 0.9993147671875 0.433113065625 0.9913257312500001 0.43385728125 0.99300048125 0.4657451859375 1 0.465093146875 1 0.4461601578125
0 0.057202546875 0.6851002703125 0.0595053296875 0.7289461390625 0.1194231015625 0.72336451875 0.11712031875 0.6795186515625 0.057202546875 0.6851002703125
0 0.02589141875 0.6239292187500001 0.0286128890625 0.6757470624999999 0.13646487812500002 0.6657001484375 0.133743409375 0.613882303125 0.02589141875 0.6239292187500001
0 0.7255771109375 0.4946624078125 0.7287172671875 0.554452228125 0.80061859375 0.5477542843750001 0.7974784359375 0.4879644640625 0.7255771109375 0.4946624078125
0 0.09418294375 0.7777871203125 0.0964857265625 0.8216329874999999 0.18037060625 0.8138187203125 0.178067825 0.769972853125 0.09418294375 0.7777871203125
0 0.0212858546875 0.5362374812499999 0.0317530453125 0.7355368828125 0.17156118125 0.7225131031250001 0.1610939890625 0.5232137031249999 0.0212858546875 0.5362374812499999
0 0.8533677203125001 0.6349667125 0.8583919718749999 0.7306304265625 0.9742329968749999 0.7198392953125 0.9692087453125 0.6241755828125 0.8533677203125001 0.6349667125
0 0.14719237031250001 0.6406678953125 0.14970449531250002 0.6884997515625 0.2415784125 0.67994126875 0.23906628749999997 0.6321094125 0.14719237031250001 0.6406678953125
0 0.4065022890625 0.2279794984375 0.4347637046875 0.7660878828125 0.9780181718750001 0.7154811999999999 0.94975675625 0.177372815625 0.4065022890625 0.2279794984375