1 0.23863885156250003 0 0.05721595625 0.940260490625 0.425728378125 0.9946398625 0.8150154890625 0.9901100968750001 0.992526146875 0.07012555468750001 0.517306625 0 0.23863885156250003 0
0 0.42029920625 0.901726378125 0.4012923453125 0.8989216390625 0.39747860625000003 0.9186871046875 0.4164854671875 0.9214918453125 0.42029920625 0.901726378125
0 0.6515462828125 0.8863001703125001 0.62579505 0.8825002015625 0.6160223453125 0.9331492062500001 0.6417735765625 0.936949175 0.6515462828125 0.8863001703125001
0 0.68394773125 0.195474571875 0.6581965000000001 0.1916746046875 0.6518799937499999 0.2244111546875 0.6776312265625 0.2282111234375 0.68394773125 0.195474571875
0 0.644563553125 0.88654028125 0.6273960671875 0.88400696875 0.6239398656249999 0.901919421875 0.641107353125 0.904452734375 0.644563553125 0.88654028125
0 0.11280355625 0.9103478046875001 0.0944098203125 0.9076335406249999 0.09083443906250001 0.9261636640625 0.109228175 0.9288779265624999 0.11280355625 0.9103478046875001
0 0.642896459375 0.9180571484375 0.6281814703124999 0.9158857375 0.624963628125 0.93256285 0.6396786171875 0.9347342609375 0.642896459375 0.9180571484375
0 0.7722312828125 0.930789809375 0.7385094328124999 0.9258136609375001 0.7323121078125 0.9579325421875 0.76603395625 0.9629086921875001 0.7722312828125 0.930789809375
0 0.10926121562499999 0.9123661109375 0.096998725 0.9105565999999999 0.0947343171875 0.9222923468750001 0.10699680781250001 0.9241018562500001 0.10926121562499999 0.9123661109375
0 0.7691828890625 0.9335162625000001 0.753854775 0.9312543765625 0.7507561109374999 0.9473138171875 0.7660842265625 0.949575703125 0.7691828890625 0.9335162625000001
0 0.661304590625 0.8782112874999999 0.6177727484375 0.8717875312500001 0.6043054828125001 0.94158433125 0.6478373265624999 0.9480080890625 0.661304590625 0.8782112874999999
0 0.4307898203125 0.8931103046875 0.39338922187500003 0.8875913015625001 0.3855233859375 0.9283575734375 0.422923984375 0.9338765765625 0.4307898203125 0.8931103046875