0 0.17371381875 0.700820275 0.1791668890625 0.628812834375 0.102240359375 0.623430325 0.0967872890625 0.6954377671875 0.17371381875 0.700820275
0 0.5614008609375001 0.22621595781249998 0.571742890625 0.08965012343749999 0.4824088578125 0.083399465625 0.472066828125 0.2199653015625 0.5614008609375001 0.22621595781249998
0 0.3562994984375 0.2992311421875 0.36532526875000004 0.1800464125 0.28839874062500004 0.174663903125 0.27937297031249997 0.29384863437500003 0.3562994984375 0.2992311421875
0 0.3625329453125 0.7439859171875 0.368174053125 0.669495459375 0.25898801250000003 0.6618557703125 0.2533469046875 0.7363462265625 0.3625329453125 0.7439859171875
0 0.17164834375 0.56338629375 0.1797339296875 0.4566166390625 0.038288378125 0.44671976718749995 0.030202790624999996 0.5534894218749999 0.17164834375 0.56338629375
0 0.42253908281249997 0.8080926453125 0.42441945 0.78326249375 0.3996044421875 0.7815262 0.3977240734375 0.8063563515625001 0.42253908281249997 0.8080926453125
0 0.8668505296875001 0.2775421765625 0.88603029375 0.024274628125 0.618028196875 0.005522659375 0.5988484328125 0.25879020937499997 0.8668505296875001 0.2775421765625
0 0.5581214 0.6977630109375 0.5628223218749999 0.6356876312499999 0.5255998078124999 0.6330831921875 0.520898884375 0.695158571875 0.5581214 0.6977630109375
0 0.6957010109375 0.33046740625000004 0.7004019328125 0.2683920265625 0.6507719140625 0.264919440625 0.6460709921875 0.32699481874999997 0.6957010109375 0.33046740625000004
0 0.5202237125 0.6052491359375 0.5232323015625 0.5655208921875 0.47856528593750003 0.5623955640625 0.4755566953125 0.6021238078125 0.5202237125 0.6052491359375
0 0.15017511562500002 0.8139972 0.1546880015625 0.754404834375 0.06783546875 0.7483278062500001 0.063322584375 0.807920171875 0.15017511562500002 0.8139972
0 0.72818558125 0.3626944 0.735142946875 0.2708228375 0.6507719140625 0.264919440625 0.6438145484375 0.356791003125 0.72818558125 0.3626944
0 0.16856570937499998 0.538208884375 0.1745828890625 0.4587523953125 0.1125453671875 0.4544116625 0.10652818593749999 0.53386815 0.16856570937499998 0.538208884375
0 0.752889525 0.26707221406250004 0.7679324765625 0.06843099687500001 0.616560921875 0.057839607812500006 0.6015179703125 0.256480825 0.752889525 0.26707221406250004
0 0.1846170265625 0.72155254375 0.1927026140625 0.614782890625 0.0859980734375 0.6073168296875 0.0779124875 0.7140864812500001 0.1846170265625 0.72155254375
0 0.15288460625 0.6793934890625 0.15626926875 0.6346992171875 0.11160225312500001 0.6315738890625 0.10821758749999999 0.6762681609375 0.15288460625 0.6793934890625
2 0.0496662859375 0 0.013786059375000001 0.473796109375 0.0276480546875 0.9502020218749999 0.5028931375 0.983454675 0.9792990500000001 0.9668182140624999 1 0.6934634890625 1 0.014775825000000001 0.788824728125 0 0.0496662859375 0