1 0.8506329109375 0.00316455625 0.17341772187499999 0.00316455625 0.17341772187499999 0.9955696203125 0.8506329109375 0.9955696203125 0.8506329109375 0.00316455625
0 0.7582278484375 0.9082278484374999 0.7443037968749999 0.9082278484374999 0.7443037968749999 0.923417721875 0.7582278484375 0.923417721875 0.7582278484375 0.9082278484374999
0 0.7651898734375 0.819620253125 0.7512658234375 0.819620253125 0.7512658234375 0.8348101265625001 0.7651898734375 0.8348101265625001 0.7651898734375 0.819620253125
0 0.6291139234375 0.9468354437500001 0.6145569625 0.9468354437500001 0.6145569625 0.962658228125 0.6291139234375 0.962658228125 0.6291139234375 0.9468354437500001
0 0.6424050640625001 0.7316455703125 0.6278481015625 0.7316455703125 0.6278481015625 0.74683544375 0.6424050640625001 0.74683544375 0.6424050640625001 0.7316455703125
0 0.6689873421875 0.7170886078125001 0.6544303796875 0.7170886078125001 0.6544303796875 0.733544303125 0.6689873421875 0.733544303125 0.6689873421875 0.7170886078125001
0 0.57468354375 0.78924050625 0.56075949375 0.78924050625 0.56075949375 0.805696203125 0.57468354375 0.805696203125 0.57468354375 0.78924050625
0 0.8417721515625001 0.46898734218750004 0.8291139234375 0.46898734218750004 0.8291139234375 0.48354430312499996 0.8417721515625001 0.48354430312499996 0.8417721515625001 0.46898734218750004
0 0.5506329109375 0.7810126578125 0.5329113921874999 0.7810126578125 0.5329113921874999 0.8012658234375 0.5506329109375 0.8012658234375 0.5506329109375 0.7810126578125
0 0.7930379750000001 0.8291139234375 0.777215190625 0.8291139234375 0.777215190625 0.84620253125 0.7930379750000001 0.84620253125 0.7930379750000001 0.8291139234375
0 0.41075949375 0.5310126578125 0.3867088609375 0.5310126578125 0.3867088609375 0.5582278484375001 0.41075949375 0.5582278484375001 0.41075949375 0.5310126578125
0 0.5784810125 0.777215190625 0.5297468359375 0.777215190625 0.5297468359375 0.8113924046875001 0.5784810125 0.8113924046875001 0.5784810125 0.777215190625
0 0.7702531640625 0.8132911390625001 0.744936709375 0.8132911390625001 0.744936709375 0.8417721515625001 0.7702531640625 0.8417721515625001 0.7702531640625 0.8132911390625001
0 0.7632911390625 0.9025316453125001 0.7386075953125 0.9025316453125001 0.7386075953125 0.9291139234375001 0.7632911390625 0.9291139234375001 0.7632911390625 0.9025316453125001
0 0.6715189875 0.7139240499999999 0.623417721875 0.7139240499999999 0.623417721875 0.75 0.6715189875 0.75 0.6715189875 0.7139240499999999
0 0.673417721875 0.708860759375 0.526582278125 0.708860759375 0.526582278125 0.8170886078124999 0.673417721875 0.8170886078124999 0.673417721875 0.708860759375