1 0.6752064171875001 1 0.9433410859375 0.1408794109375 0.5658262484375001 0.023055653125 0.190389546875 0.007757779687499999 0 0.6177780375 0 0.8949012640625 0.33674305625 1 0.6752064171875001 1
0 0.0415114609375 0.832119825 0.05639698125 0.8367656515625 0.061465153125000005 0.8205269015625 0.0465796328125 0.8158810750000001 0.0415114609375 0.832119825
0 0.0636330421875 0.735070875 0.0785185625 0.7397167 0.0835867359375 0.72347795 0.0687012140625 0.7188321265625001 0.0636330421875 0.735070875
0 0.16644805000000001 0.9171493984374999 0.1820101859375 0.9220063968750001 0.18728953125 0.9050910343749999 0.1717273953125 0.9002340343749999 0.16644805000000001 0.9171493984374999
0 0.22424943437499997 0.68198918125 0.23981156874999998 0.68684618125 0.24487974218750003 0.6706074328125 0.22931760781250002 0.6657504328125 0.22424943437499997 0.68198918125
0 0.200266275 0.6589109734374999 0.21582840937499997 0.663767971875 0.2213189296875 0.64617599375 0.2057567953125 0.6413189953125 0.200266275 0.6589109734374999
0 0.277008021875 0.767509940625 0.29189354375 0.7721557640625 0.2973840640625 0.7545637875 0.28249854218750003 0.7499179625 0.277008021875 0.767509940625
0 0.098964178125 0.33399775625 0.11249647031250001 0.338221234375 0.11735346875 0.3226591 0.103821178125 0.318435621875 0.098964178125 0.33399775625
0 0.30419759218750003 0.770798246875 0.3231428015625 0.7767111140625 0.329900365625 0.7550594484375 0.31095515625000003 0.7491465796875 0.30419759218750003 0.770798246875
0 0.030060871875 0.7379582874999999 0.0469762359375 0.743237634375 0.0526779296875 0.724969040625 0.035762565625 0.71968969375 0.030060871875 0.7379582874999999
0 0.5348201765625 0.5576476796875001 0.56053153125 0.5656722859375 0.5696120062500001 0.5365778609375 0.543900653125 0.528553253125 0.5348201765625 0.5576476796875001
0 0.271047771875 0.772332428125 0.32314709218750004 0.7885928171875001 0.33455047968749996 0.7520556296875001 0.282451159375 0.7357952437499999 0.271047771875 0.772332428125
0 0.0558972125 0.7408242421875 0.0829617953125 0.749271196875 0.0924646203125 0.71882354375 0.0654000359375 0.7103765890625 0.0558972125 0.7408242421875
0 0.034197979687500005 0.8365199656250001 0.060585946875 0.844755746875 0.06945524843749999 0.816337934375 0.04306728125 0.8081021546875 0.034197979687500005 0.8365199656250001
0 0.19206929687500002 0.6756582578125 0.243492003125 0.691707471875 0.2555289125 0.6531404421875 0.20410620625 0.637091228125 0.19206929687500002 0.6756582578125
0 0.167655021875 0.7467458796875001 0.3246295984375 0.7957382171875 0.36074033125 0.680037125 0.20376575312499998 0.6310447890625001 0.167655021875 0.7467458796875001