1 0.9137466312500001 0.0020215640625 0.1725067390625 0.0020215640625 0.1725067390625 0.9946091640624999 0.9137466312500001 0.9946091640624999 0.9137466312500001 0.0020215640625
0 0.4993261453125 0.847035040625 0.48517520156250005 0.847035040625 0.48517520156250005 0.8625336921875 0.4993261453125 0.8625336921875 0.4993261453125 0.847035040625
0 0.4905660375 0.7796495953125 0.47506738593750003 0.7796495953125 0.47506738593750003 0.795822103125 0.4905660375 0.795822103125 0.4905660375 0.7796495953125
0 0.2729110515625 0.8274932609375 0.25876010781250003 0.8274932609375 0.25876010781250003 0.842318059375 0.2729110515625 0.842318059375 0.2729110515625 0.8274932609375
0 0.738544475 0.60512129375 0.72439353125 0.60512129375 0.72439353125 0.6206199453125001 0.738544475 0.6206199453125001 0.738544475 0.60512129375
0 0.49865229062500005 0.9070080859375 0.481132075 0.9070080859375 0.481132075 0.9245283015625001 0.49865229062500005 0.9245283015625001 0.49865229062500005 0.9070080859375
0 0.6698113203125 0.5020215640625 0.655660378125 0.5020215640625 0.655660378125 0.5181940703125 0.6698113203125 0.5181940703125 0.6698113203125 0.5020215640625
0 0.5741239890625 0.5404312671875 0.5599730453125 0.5404312671875 0.5599730453125 0.55592991875 0.5741239890625 0.55592991875 0.5741239890625 0.5404312671875
0 0.6549865234375 0.6280323453125 0.641509434375 0.6280323453125 0.641509434375 0.6421832890625 0.6549865234375 0.6421832890625 0.6549865234375 0.6280323453125
0 0.683288409375 0.2729110515625 0.6677897578125 0.2729110515625 0.6677897578125 0.288409703125 0.683288409375 0.288409703125 0.683288409375 0.2729110515625
0 0.8066037734375 0.4595687328125 0.7924528296875 0.4595687328125 0.7924528296875 0.475741240625 0.8066037734375 0.475741240625 0.8066037734375 0.4595687328125
0 0.7425876015624999 0.5997304578125 0.7190026953124999 0.5997304578125 0.7190026953124999 0.62601078125 0.7425876015624999 0.62601078125 0.7425876015624999 0.5997304578125
0 0.3712938 0.9487870624999999 0.35579514843750004 0.9487870624999999 0.35579514843750004 0.9629380046874999 0.3712938 0.9629380046874999 0.3712938 0.9487870624999999
0 0.27628032343750003 0.8214285718750001 0.25471698125 0.8214285718750001 0.25471698125 0.8477088953124999 0.27628032343750003 0.8477088953124999 0.27628032343750003 0.8214285718750001
0 0.5040431265625 0.8409703500000001 0.47978436718750006 0.8409703500000001 0.47978436718750006 0.8672506734375001 0.5040431265625 0.8672506734375001 0.5040431265625 0.8409703500000001
0 0.496630728125 0.7729110515625 0.46967654999999997 0.7729110515625 0.46967654999999997 0.8018867921874999 0.496630728125 0.8018867921874999 0.496630728125 0.7729110515625
0 0.38342318125 0.9326145546875001 0.3530997296875 0.9326145546875001 0.3530997296875 0.9656334234375 0.38342318125 0.9656334234375 0.38342318125 0.9326145546875001
0 0.5040431265625 0.842318059375 0.47641509375 0.842318059375 0.47641509375 0.9272237203125 0.5040431265625 0.9272237203125 0.5040431265625 0.842318059375
0 0.5121293796875 0.772237196875 0.468328840625 0.772237196875 0.468328840625 0.9305929921875 0.5121293796875 0.9305929921875 0.5121293796875 0.772237196875
0 0.8106469000000001 0.454177896875 0.7870619953125 0.454177896875 0.7870619953125 0.4818059296875 0.8106469000000001 0.4818059296875 0.8106469000000001 0.454177896875
0 0.5815363875 0.5336927218749999 0.5545822109375 0.5336927218749999 0.5545822109375 0.5660377359375001 0.5815363875 0.5660377359375001 0.5815363875 0.5336927218749999