1 0.866143565625 1 0.9803957499999999 0.60213915625 0.9942770812499999 0.2046298234375 0.3427014046875 0.013964012500000001 0.10935718593749999 0.0044559640625 0 0.385270940625 0 0.767079409375 0.79597590625 1 0.866143565625 1
0 0.1368458203125 0.44714497499999994 0.14116170156250002 0.43211576406249996 0.12467698125 0.42729195937500003 0.12036109843750001 0.44232117187500003 0.1368458203125 0.44714497499999994
0 0.2054357484375 0.47885318281249994 0.2101626640625 0.4623926171875 0.19296121718749998 0.457359084375 0.1882342984375 0.47381965 0.2054357484375 0.47885318281249994
0 0.0885768015625 0.6936945406249999 0.092892684375 0.6786653281249999 0.0771246890625 0.6740512562500001 0.072808809375 0.6890804671875 0.0885768015625 0.6936945406249999
0 0.46710975781249997 0.26837300937499997 0.47142563906249996 0.2533437984375 0.4549409171875 0.2485199953125 0.45062503749999994 0.26354920625 0.46710975781249997 0.26837300937499997
0 0.07182400781250001 0.4327730140625 0.0771674796875 0.41416541875 0.058532579687499996 0.40871242499999993 0.05318910624999999 0.42732002031249994 0.07182400781250001 0.4327730140625
0 0.5558061359375001 0.3734608140625 0.5601220171875 0.3584316015625 0.5429205671874999 0.35339806875 0.5386046875 0.368427278125 0.5558061359375001 0.3734608140625
0 0.48576911875000006 0.463132265625 0.49008499843750003 0.448103053125 0.473600278125 0.4432792515625 0.469284396875 0.4583084609375 0.48576911875000006 0.463132265625
0 0.41746230625 0.3492704078125 0.42157266875 0.334956875 0.4065214015625 0.33055253125 0.40241103906250003 0.3448660671875 0.41746230625 0.3492704078125
0 0.8031926421875 0.43188702343749996 0.807919559375 0.4154264578125 0.7914348359375001 0.41060265625000003 0.7867079203125 0.42706321875000003 0.8031926421875 0.43188702343749996
0 0.642680121875 0.2413914625 0.646996003125 0.22636225 0.62979455625 0.22132871718749997 0.625478675 0.23635792812499998 0.642680121875 0.2413914625
0 0.471199428125 0.27577626875 0.4783925640625 0.2507275828125 0.45044021250000005 0.242548090625 0.4432470765625 0.26759677656249997 0.471199428125 0.27577626875
0 0.0937942359375 0.699876175 0.1003708171875 0.6769745203124999 0.0724184640625 0.6687950296875 0.065841884375 0.6916966828125 0.0937942359375 0.699876175
0 0.1416522171875 0.4547579640625 0.149050871875 0.4289936015625 0.12109851875 0.420814109375 0.11369986406249999 0.446578471875 0.1416522171875 0.4547579640625
0 0.2109588703125 0.4866759015625 0.2191795984375 0.4580488328125 0.1883603375 0.4490304171875 0.1801396109375 0.47765748906249994 0.2109588703125 0.4866759015625
0 0 0.559160721875 0.0055399328125000005 0.56078183125 0.01478825 0.5285763796875 0 0.524249003125 0 0.559160721875
0 0.13919117187500002 0.45791688593749996 0.14761741875 0.428574140625 0.057309815625 0.4021480890625 0.048883571875 0.431490834375 0.13919117187500002 0.45791688593749996
0 0.21126456093749998 0.48831698437500004 0.22462324374999998 0.4417979984375 0.0561923984375 0.3925113140625 0.04283371875 0.439030303125 0.21126456093749998 0.48831698437500004
0 0.64676979375 0.248794721875 0.6539629296875 0.223746034375 0.624577121875 0.21514708124999998 0.6173839859375 0.24019576874999998 0.64676979375 0.248794721875
0 0.4912922421875 0.47095498437499994 0.4995129703125 0.44232791562499996 0.46511007343750005 0.4322608484375 0.456889346875 0.46088791718750005 0.4912922421875 0.47095498437499994