1 0.893063584375 0.0335260109375 0.08786127187500001 0.0335260109375 0.08786127187500001 0.9959537578125 0.893063584375 0.9959537578125 0.893063584375 0.0335260109375
0 0.645664740625 0.189595375 0.6300578031249999 0.189595375 0.6300578031249999 0.2098265890625 0.645664740625 0.2098265890625 0.645664740625 0.189595375
0 0.5942196531249999 0.8317919078125 0.5786127171875 0.8317919078125 0.5786127171875 0.846820809375 0.5942196531249999 0.846820809375 0.5942196531249999 0.8317919078125
0 0.2554913296875 0.806936415625 0.2312138734375 0.806936415625 0.2312138734375 0.8254335265625 0.2554913296875 0.8254335265625 0.2554913296875 0.806936415625
0 0.33988439375 0.76416185 0.3075144515625 0.76416185 0.3075144515625 0.8052023125 0.33988439375 0.8052023125 0.33988439375 0.76416185
0 0.5930635843750001 0.23988439375 0.5739884390625 0.23988439375 0.5739884390625 0.2630057796875 0.5930635843750001 0.2630057796875 0.5930635843750001 0.23988439375
0 0.681502890625 0.8381502890625001 0.66531791875 0.8381502890625001 0.66531791875 0.8549132953124999 0.681502890625 0.8549132953124999 0.681502890625 0.8381502890625001
0 0.29653179218750003 0.93583815 0.27572254375 0.93583815 0.27572254375 0.9606936421875 0.29653179218750003 0.9606936421875 0.29653179218750003 0.93583815
0 0.3427745671875 0.8225433531249999 0.31907514375 0.8225433531249999 0.31907514375 0.8491329484374999 0.3427745671875 0.8491329484374999 0.3427745671875 0.8225433531249999
0 0.3867052015625 0.8861271671875001 0.3722543359375 0.8861271671875001 0.3722543359375 0.90115606875 0.3867052015625 0.90115606875 0.3867052015625 0.8861271671875001
0 0.6514450859375 0.8606936421875 0.6271676296875001 0.8606936421875 0.6271676296875001 0.8924855484374999 0.6514450859375 0.8924855484374999 0.6514450859375 0.8606936421875
0 0.59884393125 0.8242774562499999 0.5722543359375 0.8242774562499999 0.5722543359375 0.8531791906249999 0.59884393125 0.8531791906249999 0.59884393125 0.8242774562499999
0 0.3606936421875 0.7583815031250001 0.20751445156249998 0.7583815031250001 0.20751445156249998 0.8589595375 0.3606936421875 0.8589595375 0.3606936421875 0.7583815031250001