1 0 0.929182034375 0.9586415546874999 0.8679177828125001 0.9488104187499999 0.0253464953125 0 0.085982465625 0 0.929182034375
0 0.7704410296875001 0.6045282375000001 0.7706315828125 0.6208594828125 0.79185986875 0.6195028375 0.7916693140625 0.60317159375 0.7704410296875001 0.6045282375000001
0 0.10142515625 0.5934105109375001 0.101615709375 0.60974175625 0.11738529375 0.6087339640625 0.11719474062499999 0.5924027187500001 0.10142515625 0.5934105109375001
0 0.1196249125 0.22845491875 0.1199213296875 0.2538590796875 0.13933004843750002 0.25261871875 0.1390336328125 0.22721455937499999 0.1196249125 0.22845491875
0 0.1417847921875 0.3069399203125 0.1421800140625 0.3408121328125 0.185243109375 0.338060084375 0.1848478875 0.304187871875 0.1417847921875 0.3069399203125
0 0.7139563828125 0.5494227609375 0.7141892796875 0.569383171875 0.7384501796875 0.5678327203125 0.7382172812500001 0.547872309375 0.7139563828125 0.5494227609375
0 0.09399247187500001 0.6846823093750001 0.09419008125 0.7016184156249999 0.11177923281249999 0.7004943406249999 0.1115816203125 0.6835582328124999 0.09399247187500001 0.6846823093750001
0 0 0.304500084375 0.0045766234375 0.3042076046875 0.004322553125 0.2824326109375 0 0.2827088546875 0 0.304500084375
0 0.0958302359375 0.32198299375 0.09611959375 0.3467822921875 0.1240196296875 0.344999275 0.12373027031249999 0.3201999765625 0.0958302359375 0.32198299375
0 0.0418925078125 0.3811187125 0.0420689453125 0.3962402375 0.057838529687499994 0.3952324453125 0.057662090624999995 0.3801109203125 0.0418925078125 0.3811187125
0 0.0541027140625 0.6472809703125 0.054399129687500006 0.6726851296875 0.0877578671875 0.670553259375 0.08746145 0.6451491 0.0541027140625 0.6472809703125
0 0.09467577656250001 0.587183415625 0.09500042187499999 0.6150070171875 0.1253265453125 0.6130689546875 0.1250018984375 0.5852453515625 0.09467577656250001 0.587183415625
0 0.08415725156250001 0.2059037734375 0.086027496875 0.3661919234375 0.19156240468750002 0.3594474671875 0.189692159375 0.1991593171875 0.08415725156250001 0.2059037734375