0 0.4939872890625 0.694581 0.4761118140625 0.69636014375 0.47869984531250004 0.7165316984375 0.49657532031249996 0.7147525546875 0.4939872890625 0.694581
0 0.8340713703124999 0.2468532046875 0.8184303281249999 0.2484099546875 0.820634946875 0.26559313281249997 0.8362759890625 0.26403638125 0.8340713703124999 0.2468532046875
0 0.4628222453125 0.3458476453125 0.4479260140625 0.3473302671875 0.449843075 0.362272159375 0.46473930625 0.3607895375 0.4628222453125 0.3458476453125
0 0.3954754484375 0.5734880421875 0.38057921875 0.5749706609375 0.38259213281250004 0.59065965 0.39748836249999997 0.5891770296875001 0.3954754484375 0.5734880421875
0 0.3572052921875 0.422186921875 0.3326265109375 0.4246332453125 0.336364778125 0.453769934375 0.360943559375 0.45132361249999997 0.3572052921875 0.422186921875
0 0.5046771515625 0.04886414375 0.0399147515625 0.0951218921875 0.15129595625 0.9632458343750001 0.61605835625 0.916988084375 0.5046771515625 0.04886414375
0 0.7204545921875 0.2490818515625 0.7055583609375 0.250564471875 0.707571275 0.2662534578125 0.7224675046875 0.2647708375 0.7204545921875 0.2490818515625
0 0.7472842390625 0.5581450593749999 0.7331328187499999 0.5595535484374999 0.7351457328125 0.575242534375 0.749297153125 0.5738340453124999 0.7472842390625 0.5581450593749999
0 0.8378692687499999 0.2411787546875 0.8118008640625 0.243773340625 0.8154432796875 0.2721629375 0.8415116828125001 0.2695683515625 0.8378692687499999 0.2411787546875
0 0.11260254843749999 0.56759378125 0.079830840625 0.5708555468750001 0.0836649609375 0.60073933125 0.1164366703125 0.5974775671875 0.11260254843749999 0.56759378125
0 0.385895728125 0.19309754375 0.3434414703125 0.1973230125 0.350055328125 0.2488725390625 0.3925095875 0.2446470734375 0.385895728125 0.19309754375
0 0.15845708281249998 0.5251981421874999 0.132388678125 0.527792728125 0.13488085625 0.5472171875 0.1609492609375 0.5446226015625 0.15845708281249998 0.5251981421874999
0 0.34099414375000003 0.548645165625 0.31567055 0.5511656203124999 0.31902540625000003 0.5773139328125 0.344349 0.5747934765625 0.34099414375000003 0.548645165625
0 0.396513403125 0.26997415937499997 0.371189809375 0.27249461406250003 0.37511978125 0.30312549375 0.40044337499999993 0.3006050390625 0.396513403125 0.26997415937499997
0 0.46662014375 0.34017319687500003 0.44204136250000003 0.342619521875 0.44530036562499997 0.36802073750000003 0.469879146875 0.3655744140625 0.46662014375 0.34017319687500003
0 0.8372721390625 0.2306453 0.699482003125 0.2443595375 0.7048497734375 0.2861968359375 0.8426399078125 0.2724825984375 0.8372721390625 0.2306453