0 0.4597014921875 0.6865671640625 0.44179104531249996 0.6865671640625 0.44179104531249996 0.7067164171875 0.4597014921875 0.7067164171875 0.4597014921875 0.6865671640625
0 0.852985075 0.278358209375 0.8373134328124999 0.278358209375 0.8373134328124999 0.29552238750000004 0.852985075 0.29552238750000004 0.852985075 0.278358209375
0 0.473134328125 0.3395522390625 0.4582089546875 0.3395522390625 0.4582089546875 0.3544776125 0.473134328125 0.3544776125 0.473134328125 0.3395522390625
0 0.377611940625 0.5574626859375 0.36268656718750003 0.5574626859375 0.36268656718750003 0.573134328125 0.377611940625 0.573134328125 0.377611940625 0.5574626859375
0 0.3589552234375 0.4044776125 0.3343283578125 0.4044776125 0.3343283578125 0.43358208906250006 0.3589552234375 0.43358208906250006 0.3589552234375 0.4044776125
0 0.55223880625 0.050746268750000004 0.08656716406250001 0.050746268750000004 0.08656716406250001 0.9179104484374999 0.55223880625 0.9179104484374999 0.55223880625 0.050746268750000004
0 0.7402985078125 0.269402984375 0.7253731343750001 0.269402984375 0.7253731343750001 0.28507462656250004 0.7402985078125 0.28507462656250004 0.7402985078125 0.269402984375
0 0.727611940625 0.576865671875 0.7134328359375 0.576865671875 0.7134328359375 0.5925373140625 0.727611940625 0.5925373140625 0.727611940625 0.576865671875
0 0.8574626859375 0.273134328125 0.8313432828125 0.273134328125 0.8313432828125 0.3014925375 0.8574626859375 0.3014925375 0.8574626859375 0.273134328125
0 0.0985074625 0.523880596875 0.0656716421875 0.523880596875 0.0656716421875 0.55373134375 0.0985074625 0.55373134375 0.0985074625 0.523880596875
0 0.41641791093749997 0.1813432828125 0.37388059687499997 0.1813432828125 0.37388059687499997 0.2328358203125 0.41641791093749997 0.2328358203125 0.41641791093749997 0.1813432828125
0 0.14925373125000002 0.4865671640625 0.123134328125 0.4865671640625 0.123134328125 0.50597015 0.14925373125000002 0.50597015 0.14925373125000002 0.4865671640625
0 0.326865671875 0.527611940625 0.3014925375 0.527611940625 0.3014925375 0.55373134375 0.326865671875 0.55373134375 0.326865671875 0.527611940625
0 0.41716417968749997 0.2582089546875 0.39179104531250003 0.2582089546875 0.39179104531250003 0.2888059703125 0.41716417968749997 0.2888059703125 0.41716417968749997 0.2582089546875
0 0.477611940625 0.3343283578125 0.45298507499999996 0.3343283578125 0.45298507499999996 0.3597014921875 0.477611940625 0.3597014921875 0.477611940625 0.3343283578125
0 0.8582089546875 0.2626865671875 0.720149253125 0.2626865671875 0.720149253125 0.3044776125 0.8582089546875 0.3044776125 0.8582089546875 0.2626865671875