1 0.8969375734374999 0.002944640625 0.1743227328125 0.002944640625 0.1743227328125 0.995288575 0.8969375734374999 0.995288575 0.8969375734374999 0.002944640625
0 0.6937573609375 0.39634864531249997 0.647820965625 0.39634864531249997 0.647820965625 0.4481743234375 0.6937573609375 0.4481743234375 0.6937573609375 0.39634864531249997
0 0.5365135453125001 0.8115429921875 0.3804475859375 0.8115429921875 0.3804475859375 0.99646643125 0.5365135453125001 0.99646643125 0.5365135453125001 0.8115429921875
0 0.8327444046875 0.8716136625 0.7926972906249999 0.8716136625 0.7926972906249999 0.916372203125 0.8327444046875 0.916372203125 0.8327444046875 0.8716136625
0 0.4028268546875 0.11660777343749999 0.356890459375 0.11660777343749999 0.356890459375 0.15547703125 0.4028268546875 0.15547703125 0.4028268546875 0.11660777343749999
0 0.8368669015625001 0.8262661953125001 0.769140165625 0.8262661953125001 0.769140165625 0.917550059375 0.8368669015625001 0.917550059375 0.8368669015625001 0.8262661953125001
0 0.78150765625 0.39634864531249997 0.7579505296875 0.39634864531249997 0.7579505296875 0.423439340625 0.78150765625 0.423439340625 0.78150765625 0.39634864531249997
0 0.4593639578125 0.9729093046875 0.4275618375 0.9729093046875 0.4275618375 0.9970553593749999 0.4593639578125 0.9970553593749999 0.4593639578125 0.9729093046875
0 0.71849234375 0.3916372203125 0.641931684375 0.3916372203125 0.641931684375 0.4558303890625 0.71849234375 0.4558303890625 0.71849234375 0.3916372203125
0 0.4393404 0.084805653125 0.35394581875000003 0.084805653125 0.35394581875000003 0.157243815625 0.4393404 0.157243815625 0.4393404 0.084805653125
0 0.78621908125 0.3875147234375 0.640753828125 0.3875147234375 0.640753828125 0.5235571265625001 0.78621908125 0.5235571265625001 0.78621908125 0.3875147234375