1 0.45665758749999996 0 0.14639513125 0.036242290625 0.2531084609375 0.9971225125000001 0.508176328125 0.9941545296875001 0.89520655625 0.9489448656249999 0.7898187421875 0 0.45665758749999996 0
0 0.7501653078125 0.7863177921875 0.7219234906249999 0.7896167671875001 0.7242331625 0.8104137921874999 0.75247498125 0.8071148171875 0.7501653078125 0.7863177921875
0 0.55344540625 0.0408595171875 0.4756565421875 0.04994616875 0.48341044687499996 0.1197647578125 0.5611993109375 0.11067810625 0.55344540625 0.0408595171875
0 0.4696761875 0.8005233374999999 0.43747060937500004 0.8042853265625001 0.441760003125 0.842908375 0.47396558281249995 0.8391463859374999 0.4696761875 0.8005233374999999
0 0.4714855296875 0.8620076843750001 0.414506425 0.8686635109375 0.41896079531249997 0.9087720609375 0.4759399 0.9021162328125 0.4714855296875 0.8620076843750001
0 0.357439075 0.23279153125000002 0.305414675 0.23886859062500002 0.3105839453125 0.285414315625 0.3626083453125 0.27933725625 0.357439075 0.23279153125000002
0 0.408554834375 0.9190162374999999 0.375853784375 0.922836103125 0.37942827968750004 0.9550219796875 0.4121293296875 0.9512021140625 0.408554834375 0.9190162374999999
0 0.762026046875 0.120324196875 0.718920115625 0.1253594765625 0.7244193390625 0.17487620625 0.7675252703125001 0.1698409265625 0.762026046875 0.120324196875
0 0.6183151703124999 0.8012178421874999 0.583136765625 0.8053270906250001 0.5858863765625 0.83008545625 0.6210647796875 0.8259762046875 0.6183151703124999 0.8012178421874999
0 0.47611784375 0.7952565593750001 0.4042746265625 0.8036486890625 0.416207940625 0.9110999921875 0.48805116093749995 0.9027078625 0.47611784375 0.7952565593750001
0 0.414281053125 0.911826665625 0.36671588593750004 0.9173828343749999 0.37161019687499997 0.9614527234375 0.4191753625 0.9558965531249999 0.414281053125 0.911826665625
0 0.47744144374999997 0.7755398953125 0.2673619625 0.800079640625 0.28919387812499997 0.9966610593749999 0.49927335937499995 0.9721213140625 0.47744144374999997 0.7755398953125
0 0.7536896734375 0.77737905625 0.5792840671875 0.7977516734375001 0.5831885156250001 0.832908553125 0.7575941234375 0.8125359359375001 0.7536896734375 0.77737905625