1 0.46605596250000003 0 0.0037158656249999997 0.1064084578125 0.018987970312499998 0.5437443328125 0.11537095312500001 0.9957837843749999 0.4444381203125 0.9785381046875001 1 0.8506744734374999 1 0.32912252343750004 0.929825128125 0 0.46605596250000003 0
0 0.1986875203125 0.8796358874999999 0.1911793671875 0.8444223921875 0.1661588484375 0.8501809140625 0.17366700156249998 0.88539440625 0.1986875203125 0.8796358874999999
0 0.1980023203125 0.62659031875 0.1944046625 0.6097171875 0.175271325 0.6141207625 0.17886898125 0.63099389375 0.1980023203125 0.62659031875
0 0.49092403281249997 0.8562451375 0.48623143750000003 0.834236703125 0.45900322656250003 0.8405033281250001 0.46369582343750004 0.8625117625 0.49092403281249997 0.8562451375
0 0.48467506406250005 0.6314166 0.48170308593750005 0.617477925 0.4655133375 0.6212040265625001 0.468485315625 0.6351427015625 0.48467506406250005 0.6314166
0 0.1052185328125 0.7164404015625 0.0959897609375 0.67315715 0.0717051390625 0.6787463 0.08093391250000001 0.7220295546875 0.1052185328125 0.7164404015625
0 0.11335744375000001 0.33822558125 0.10616212968750001 0.30447931562499997 0.0804057140625 0.3104072046875 0.08760102812500001 0.3441534703125 0.11335744375000001 0.33822558125
0 0.0679755390625 0.7734976812500001 0.0900524671875 0.7684166343750001 0.08348283281249999 0.7376048265625 0.0614059046875 0.742685875 0.0679755390625 0.7734976812500001
0 0.2626432671875 0.8102736984375 0.253883753125 0.7691912875 0.22591964375 0.77562728125 0.23467915781249998 0.8167096921875 0.2626432671875 0.8102736984375
0 0.2076613921875 0.6320634140625 0.2009353390625 0.6005179921875 0.1641404578125 0.6089864046875 0.1708665109375 0.6405318265625 0.2076613921875 0.6320634140625
0 0.123016515625 0.343698675 0.1125363859375 0.29454650625 0.07132612031249999 0.30403112656250003 0.08180625 0.353183296875 0.123016515625 0.343698675
0 0.1008237109375 0.92755671875 0.2737596484375 0.88775518125 0.20509132812500003 0.56569843125 0.0321553890625 0.6054999671875 0.1008237109375 0.92755671875
0 0.11519044687499999 0.7233807265625 0.10236401875000001 0.6632243390625 0.061153751562500004 0.6727089609375 0.07398017968750001 0.7328653468749999 0.11519044687499999 0.7233807265625
0 0.2178570703125 0.6943645 0.196896809375 0.5960601624999999 0.0570762609375 0.6282401281250001 0.0780365234375 0.7265444671875 0.2178570703125 0.6943645