1 1 0.497174721875 0.9736842109375001 0.045350070312500004 0.0592105265625 0.002757775 0.11729327187500001 1 1 1 1 0.497174721875
0 0.8743927875 0.0866532015625 0.9007085765625 0.0878788796875 0.898984265625 0.0582736171875 0.8726684765625 0.0570479390625 0.8743927875 0.0866532015625
0 0.26430436562500004 0.3698901484375 0.34983068125 0.3738736015625 0.3452325203125 0.2949262328125 0.2597062046875 0.29094277968750004 0.26430436562500004 0.3698901484375
0 0.857685871875 0.532029896875 0.97281745 0.5373922375 0.9444621265625001 0.05055013125 0.8293305484375001 0.045187790625 0.857685871875 0.532029896875
0 0.8487460265625 0.2658889484375 0.924403921875 0.2694127703125 0.91175898125 0.052307506250000003 0.8361010859375 0.048783684375000004 0.8487460265625 0.2658889484375
0 0.5142398499999999 1 0.5110736390625 0.945638253125 0.46831048124999997 0.9436465265624999 0.471592696875 1 0.5142398499999999 1
0 0.22351585468750002 0.9650505375 0.23996322343749998 0.9658165859375 0.23843050312499997 0.9395007968750001 0.221983134375 0.9387347484375 0.22351585468750002 0.9650505375
0 0.8671711125 0.525910578125 0.9099342703125 0.5279023046875 0.9066772406249999 0.47198125312499994 0.8639140828125 0.4699895265625 0.8671711125 0.525910578125
0 0.6585840609375 1 0.6575347921875 0.98198474375 0.6279295281249999 0.9806058562500001 0.6290591078125 1 0.6585840609375 1
0 0.8650991343750001 0.09606199374999999 0.9111517671874999 0.0982069296875 0.9084695078125 0.05215429687499999 0.8624168750000001 0.050009360937500004 0.8650991343750001 0.09606199374999999
0 0.217511678125 0.9746125375 0.2504064140625 0.976144634375 0.24791574375 0.9333814765625 0.21502100781250003 0.9318493796875 0.217511678125 0.9746125375