1 0.54435570625 1 0.9472960421875 0.9223470828125 0.9586311984375 0.727729965625 0.849026409375 0.0148198109375 0.5289242562500001 0.0092324078125 0.0094376078125 0.10934562656249999 0.1463692875 1 0.54435570625 1
0 0.5238862140625 0.6940565390625 0.5076524921875001 0.69718503125 0.5098794921875001 0.7116702625 0.5261132140625 0.7085417703125 0.5238862140625 0.6940565390625
0 0.645960496875 0.8285131578125 0.6297267734374999 0.8316416515625 0.6319537734375 0.84612688125 0.648187496875 0.8429983875 0.645960496875 0.8285131578125
0 0.3605777625 0.5559462953125001 0.3465085375 0.5586576546875001 0.3490654625 0.575288846875 0.3631346875 0.5725774859375 0.3605777625 0.5559462953125001
0 0.5879112421875 0.6176411984375 0.5727597656250001 0.6205611249999999 0.5750692468749999 0.6355828421874999 0.590220721875 0.632662915625 0.5879112421875 0.6176411984375
0 0.35454434375 0.7051483375 0.304760928125 0.7147423828125 0.3117718515625 0.7603440328125 0.36155526718750003 0.7507499875 0.35454434375 0.7051483375
0 0.4761049 0.7601604531249999 0.4604123015625 0.7631846624999999 0.4627217828125 0.7782063796875 0.4784143796875 0.7751821703124999 0.4761049 0.7601604531249999
0 0.6495471578124999 0.8228504828125001 0.6241143250000001 0.8277517890625001 0.627825990625 0.8518938390624999 0.6532588234375 0.8469925343750001 0.6495471578124999 0.8228504828125001
0 0.3284216921875 0.72730653125 0.308941225 0.7310607234375001 0.3123229640625 0.7530568140625 0.3318034328125 0.749302621875 0.3284216921875 0.72730653125
0 0.5406647718750001 0.6582323046874999 0.2955355609375 0.7054725453125 0.32902303593750004 0.9232874875 0.574152246875 0.876047246875 0.5406647718750001 0.6582323046874999
0 0.36362329843749996 0.5503879031250001 0.3408960875 0.5547677921874999 0.345020159375 0.58159229375 0.367747371875 0.5772124046875 0.36362329843749996 0.5503879031250001
0 0.5390014437499999 0.6872768984375 0.5038283765625 0.6940553 0.518427596875 0.78901403125 0.5536006640625 0.7822356312500001 0.5390014437499999 0.6872768984375
0 0.5303072125 0.685085715625 0.4994631390625 0.6910298515625 0.50399961875 0.720536803125 0.534843690625 0.7145926671875 0.5303072125 0.685085715625
0 0.8031459156249999 0.372331859375 0.7576914921875 0.3810916390625 0.764537453125 0.42562031093749997 0.8099918765625 0.41686053125000005 0.8031459156249999 0.372331859375