1 0.9243093921875 0.0022099453125000003 0.0977900546875 0.0022099453125000003 0.0977900546875 0.9944751374999999 0.9243093921875 0.9944751374999999 0.9243093921875 0.0022099453125000003
0 0.593370165625 0.7900552484375 0.577900553125 0.7900552484375 0.577900553125 0.8110497234375 0.593370165625 0.8110497234375 0.593370165625 0.7900552484375
0 0.5337016578125 0.537016575 0.5187845296875 0.537016575 0.5187845296875 0.559116021875 0.5337016578125 0.559116021875 0.5337016578125 0.537016575
0 0.514364640625 0.19226519375 0.49723756874999997 0.19226519375 0.49723756874999997 0.20773480625000001 0.514364640625 0.20773480625000001 0.514364640625 0.19226519375
0 0.6138121546875001 0.3508287296875 0.5988950281250001 0.3508287296875 0.5988950281250001 0.3651933703125 0.6138121546875001 0.3651933703125 0.6138121546875001 0.3508287296875
0 0.309392265625 0.75027624375 0.29226519375 0.75027624375 0.29226519375 0.7685082875 0.309392265625 0.7685082875 0.309392265625 0.75027624375
0 0.5121546968749999 0.19502762499999998 0.5005524859375 0.19502762499999998 0.5005524859375 0.2033149171875 0.5121546968749999 0.2033149171875 0.5121546968749999 0.19502762499999998
0 0.6204419890625 0.7099447515625 0.604972375 0.7099447515625 0.604972375 0.724861878125 0.6204419890625 0.724861878125 0.6204419890625 0.7099447515625
0 0.5988950281250001 0.7845303875 0.5729281765625001 0.7845303875 0.5729281765625001 0.8165745859375001 0.5988950281250001 0.8165745859375001 0.5988950281250001 0.7845303875
0 0.3154696125 0.18674033125 0.2955801109375 0.18674033125 0.2955801109375 0.2104972375 0.3154696125 0.2104972375 0.3154696125 0.18674033125
0 0.5309392265625 0.18674033125 0.49392265156250004 0.18674033125 0.49392265156250004 0.2872928171875 0.5309392265625 0.2872928171875 0.5309392265625 0.18674033125
0 0.532596684375 0.724861878125 0.51823204375 0.724861878125 0.51823204375 0.7480662984374999 0.532596684375 0.7480662984374999 0.532596684375 0.724861878125
0 0.6187845296875001 0.34419889531250003 0.5928176796875 0.34419889531250003 0.5928176796875 0.3707182328125 0.6187845296875001 0.3707182328125 0.6187845296875001 0.34419889531250003
0 0.5386740328124999 0.5314917125 0.5132596687500001 0.5314917125 0.5132596687500001 0.5640883984375 0.5386740328124999 0.5640883984375 0.5386740328124999 0.5314917125
0 0.5204419890625 0.18508287343750002 0.490607734375 0.18508287343750002 0.490607734375 0.214364640625 0.5204419890625 0.214364640625 0.5204419890625 0.18508287343750002
0 0.3055248625 0.801104971875 0.290607734375 0.801104971875 0.290607734375 0.8187845296875 0.3055248625 0.8187845296875 0.3055248625 0.801104971875
0 0.3160221 0.7414364640625 0.2839779 0.7414364640625 0.2839779 0.77624309375 0.3160221 0.77624309375 0.3160221 0.7414364640625
0 0.6171270718749999 0.7718232046875 0.5596685078125 0.7718232046875 0.5596685078125 0.8314917124999999 0.6171270718749999 0.8314917124999999 0.6171270718749999 0.7718232046875
0 0.3165745859375 0.7403314921875 0.280110496875 0.7403314921875 0.280110496875 0.8265193375000001 0.3165745859375 0.8265193375000001 0.3165745859375 0.7403314921875