1 0.6150666359375 1 0.96905246875 0.9523051203125 0.8380765703125 0.0195064484375 0.46064914999999995 0.010721728125 0 0.07278806875 0 0.1459999421875 0.11991164843749999 1 0.6150666359375 1
0 0.44127513125 0.8481974421875 0.45699606875 0.84607925625 0.4539975515625 0.8247240874999999 0.438276615625 0.8268422734374999 0.44127513125 0.8481974421875
0 0.46593082656249996 0.5837652734375001 0.48109029843749995 0.5817227375 0.47793396406250005 0.5592436109375 0.4627744921875 0.5612861484375 0.46593082656249996 0.5837652734375001
0 0.4353962953125 0.22369946093749998 0.45280161406249997 0.221354325 0.4505921828125 0.20561893593749997 0.43318686093750003 0.207964071875 0.4353962953125 0.22369946093749998
0 0.35682201562500004 0.3974801359375 0.3719814890625 0.3954376 0.36992987187500004 0.38082616874999997 0.3547703984375 0.38286870624999997 0.35682201562500004 0.3974801359375
0 0.72379064375 0.766041271875 0.7411959640625 0.7636961359375001 0.7385919890625 0.7451508578125 0.7211866687499999 0.7474959937500001 0.72379064375 0.766041271875
0 0.437010875 0.21890103593750002 0.44880157656249997 0.217312396875 0.44761795156249995 0.2088827234375 0.43582725 0.2104713640625 0.437010875 0.21890103593750002
0 0.401453796875 0.76423568125 0.41717473125 0.7621174953125001 0.41504420625 0.7469440875 0.399323271875 0.7490622734375 0.401453796875 0.76423568125
0 0.436449596875 0.8545737203125 0.46283830937500003 0.8510181906250001 0.4582616265625 0.818423459375 0.4318729140625 0.8219789890625 0.436449596875 0.8545737203125
0 0.6379171453125 0.199275521875 0.658129775 0.1965521375 0.65473671875 0.1723870796875 0.6345240875 0.1751104625 0.6379171453125 0.199275521875
0 0.42991523593750003 0.3068937953125 0.46753318750000006 0.30182527656249997 0.45317187031249995 0.199545259375 0.41555391875 0.204613778125 0.42991523593750003 0.3068937953125
0 0.4940404 0.7758104890624999 0.5086384109375001 0.773843603125 0.505324259375 0.7502405203125 0.4907262515625 0.7522074078125 0.4940404 0.7758104890624999
0 0.352557940625 0.4037807625 0.3789466515625 0.40022523593750003 0.37515905312500003 0.3732502875 0.348770340625 0.3768058140625 0.352557940625 0.4037807625
0 0.46158784218750004 0.589503921875 0.48741509375 0.5860240453125 0.48275950156249997 0.5528673359375 0.4569322515625 0.5563472125 0.46158784218750004 0.589503921875
0 0.43016711250000006 0.23127534062500002 0.460486059375 0.2271902671875 0.4563039171875 0.19740542656249999 0.4259849703125 0.2014905015625 0.43016711250000006 0.23127534062500002
0 0.7349015359375 0.8166517328125 0.7500610078125 0.814609196875 0.7475359421875 0.796625896875 0.7323764703125 0.798668434375 0.7349015359375 0.8166517328125
0 0.7181578171874999 0.7748167593749999 0.7507226124999999 0.7704290859375 0.7457513859375 0.7350244640625 0.7131865921875 0.7394121375 0.7181578171874999 0.7748167593749999
0 0.42005187499999996 0.8722435624999999 0.478443921875 0.8643760125 0.469921821875 0.8036823765625 0.411529775 0.8115499265624999 0.42005187499999996 0.8722435624999999
0 0.7247770124999999 0.8260324171875 0.761833503125 0.8210395484375 0.749523803125 0.7333709625 0.7124673140625 0.7383638328125001 0.7247770124999999 0.8260324171875