1 0.8580925531249999 1 0.9710419703125 0.5758273734375 0.9950156015625 0.1183832421875 0.5525521171875 0.012860793749999998 0.11012604374999999 0.0025632124999999998 0 0.4161328875 0 0.9162019484374999 0.3513714734375 1 0.8580925531249999 1
0 0.9469298578125 0.5675937515625 0.9531342453124999 0.544293659375 0.9152440937499999 0.53525729375 0.9090397046875 0.5585573859374999 0.9469298578125 0.5675937515625
0 0.8519224578125 0.5460619343750001 0.8558707046875 0.5312346031249999 0.8406093921875 0.5275949546875001 0.8366611453124999 0.5424222859375 0.8519224578125 0.5460619343750001
0 0.4386274109375 0.9842030625 0.445677853125 0.9577256828125 0.4204177515625 0.9517014406250001 0.413367309375 0.9781788171875 0.4386274109375 0.9842030625
0 0.9415344671874999 0.4722565328125 0.9461877578125 0.4547814625 0.9298739406250001 0.4508908046875 0.92522065 0.46836587500000004 0.9415344671874999 0.4722565328125
0 0.6742415937499999 0.34318177968749997 0.6779078234375 0.32941354375 0.6600152515625 0.325146371875 0.656349021875 0.3389146078125 0.6742415937499999 0.34318177968749997
0 0.6765530531249999 0.34711209374999996 0.6821934062499999 0.32593019375 0.6579858093750001 0.3201569609375 0.6523454562500001 0.3413388609375 0.6765530531249999 0.34711209374999996
0 0.8550044031249999 0.5513023546875 0.861490809375 0.5269431671875 0.8372832125 0.521169934375 0.8307968062500001 0.5455291203125 0.8550044031249999 0.5513023546875
0 0.76896406875 0.8365875859375 0.77333534375 0.8201716109375001 0.7554427703125 0.8159044390625001 0.7510714968750001 0.8323204125 0.76896406875 0.8365875859375
0 0.4444438453125 0.99178515625 0.45501950625000004 0.9520690890625 0.41502434531250004 0.942530703125 0.40444868281249996 0.9822467703125 0.4444438453125 0.99178515625
0 0.9469656546874999 0.47918357343749995 0.95486215 0.4495289109375 0.9248657781249999 0.4423751203125 0.9169692843749999 0.472029784375 0.9469656546874999 0.47918357343749995
0 0.9508477328125 0.578102121875 0.9608593593749999 0.5405042453125 0.8387688656250001 0.5113870687500001 0.828757240625 0.5489849437500001 0.9508477328125 0.578102121875
0 0.9754305234375 0.49208880156249996 0.9881069359374999 0.2502084421875 0.8678228390625 0.22152207031249999 0.7830765296875 0.53978015 0.9520034624999999 0.5800672796875 0.9754305234375 0.49208880156249996