0 0.656961178125 0.771419009375 0.6328647921874999 0.771419009375 0.6328647921874999 0.7961847390625 0.656961178125 0.7961847390625 0.656961178125 0.771419009375
0 0.644243640625 0.6378848734375 0.621820615625 0.6378848734375 0.621820615625 0.6646586343750001 0.644243640625 0.6646586343750001 0.644243640625 0.6378848734375
0 0.7329317265624999 0.2105087015625 0.6740294515625 0.2105087015625 0.6740294515625 0.263721553125 0.7329317265624999 0.263721553125 0.7329317265624999 0.2105087015625
0 0.6810575640625001 0.7238955828125 0.6111111109375 0.7238955828125 0.6111111109375 0.798862115625 0.6810575640625001 0.798862115625 0.6810575640625001 0.7238955828125
0 0.5030120484375 0.7235609109375 0.4682061578125 0.7235609109375 0.4682061578125 0.7590361453125001 0.5030120484375 0.7590361453125001 0.5030120484375 0.7235609109375
0 0.5950468546875001 0.8186077640624999 0.5605756359375 0.8186077640624999 0.5605756359375 0.8510709500000001 0.5950468546875001 0.8510709500000001 0.5950468546875001 0.8186077640624999
0 0.7402945109375 0.4340696125 0.7051539484375 0.4340696125 0.7051539484375 0.479919678125 0.7402945109375 0.479919678125 0.7402945109375 0.4340696125
0 0.63554216875 0.7459839359375 0.61311914375 0.7459839359375 0.61311914375 0.7667336015624999 0.63554216875 0.7667336015624999 0.63554216875 0.7459839359375
0 0.6559571625 0.72690763125 0.62851405625 0.72690763125 0.62851405625 0.7533467203125 0.6559571625 0.7533467203125 0.6559571625 0.72690763125
0 0.680053546875 0.7439759031250001 0.6603078984375 0.7439759031250001 0.6603078984375 0.763052209375 0.680053546875 0.763052209375 0.680053546875 0.7439759031250001
0 0.713186078125 0.7590361453125001 0.6907630515625 0.7590361453125001 0.6907630515625 0.7821285140625001 0.713186078125 0.7821285140625001 0.713186078125 0.7590361453125001
0 0.48728246249999996 0.6897590359375 0.45147255625 0.6897590359375 0.45147255625 0.7245649265624999 0.48728246249999996 0.7245649265624999 0.48728246249999996 0.6897590359375
0 0.6495983937500001 0.6318607765625 0.615127175 0.6318607765625 0.615127175 0.6700133875 0.6495983937500001 0.6700133875 0.6495983937500001 0.6318607765625
0 0.7182061578125001 0.721552878125 0.6087684062500001 0.721552878125 0.6087684062500001 0.8410307890625001 0.7182061578125001 0.8410307890625001 0.7182061578125001 0.721552878125
0 0.662650603125 0.76606425625 0.6265060234375001 0.76606425625 0.6265060234375001 0.8012048187499999 0.662650603125 0.8012048187499999 0.662650603125 0.76606425625
2 0.8246318609375001 0.0030120484375 0.134872825 0.0030120484375 0.134872825 0.8791834 0.8246318609375001 0.8791834 0.8246318609375001 0.0030120484375