0 0.17455003281249998 0.6271939421875 0.1659523640625 0.670356325 0.22781467968750002 0.680586471875 0.23641234687499998 0.6374240890625 0.17455003281249998 0.6271939421875
0 0.3355236375 0.33186941875 0.2845711453125 0.58766331875 0.5464699953125 0.6309734312499999 0.597422490625 0.37517953125000003 0.3355236375 0.33186941875
0 0.3070984109375 0.4933034625 0.289450565625 0.581899928125 0.42356083906249997 0.6040776921875 0.441208684375 0.5154812265625 0.3070984109375 0.4933034625
0 0.42144250625 0.48358476718750004 0.41302584375 0.5258384671874999 0.46224476406250004 0.5339777828125001 0.470661428125 0.49172408125 0.42144250625 0.48358476718750004
0 0.3615376625 0.5454823125 0.352396984375 0.5913707390625 0.4214840953125 0.6027956484375 0.4306247734375 0.5569072203125 0.3615376625 0.5454823125
0 0.30791005 0.49625352500000003 0.29804535625 0.5457766765625001 0.39874095 0.56242866875 0.4086056421875 0.512905515625 0.30791005 0.49625352500000003
0 0.5057444624999999 0.3928702671875 0.49343622500000006 0.4546606234375 0.551686140625 0.46429338906249995 0.56399438125 0.4025030328125 0.5057444624999999 0.3928702671875
0 0.33622175625 0.3915868671875 0.32852910625 0.43020584062499995 0.3809088765625 0.4388678625 0.38860152812500004 0.400248890625 0.33622175625 0.3915868671875
0 0.1780558859375 0.225577525 0.1565164671875 0.333710646875 0.228764425 0.345658265625 0.2503038453125 0.23752514218749998 0.1780558859375 0.225577525
0 0.0773792140625 0.6045545437500001 0.0478756375 0.7526696609375 0.210433546875 0.7795518 0.23993712031249997 0.6314366812500001 0.0773792140625 0.6045545437500001
0 0 0.7466297125 0.49590252812499996 0.8286369234375 0.6126498046875 0.24253722187500001 0.0631137625 0.1516606609375 0 0.4685070859375 0 0.7466297125
0 0.3047424875 0.5121554546875 0.29804535625 0.5457766765625001 0.347715828125 0.5539906640625001 0.354412959375 0.5203694421875 0.3047424875 0.5121554546875
0 0.1688448484375 0.22264637812500002 0.088660284375 0.6251923734375 0.696446240625 0.7257017015625 0.7766308046875 0.32315570625 0.1688448484375 0.22264637812500002