0 0.02885205625 0.7169365937500001 0.024098671874999998 0.7596326921875 0.0903595890625 0.768916553125 0.0951129734375 0.72622045625 0.02885205625 0.7169365937500001
0 0 0.6470328140625 0.034455703125 0.651860428125 0.044141846875 0.564857059375 0 0.558672315625 0 0.6470328140625
0 0 0.5284006640625 0.05473278593749999 0.5360693125 0.058589306249999994 0.50142908125 0 0.49322009375000003 0 0.5284006640625
0 0.27878388906249996 0.5175539437500001 0.2746583078125 0.5546109328125 0.320313696875 0.561007740625 0.3244392765625 0.5239507515625 0.27878388906249996 0.5175539437500001
0 0.19088825 0.5330560203125 0.187614690625 0.5624599375 0.22559350937499997 0.567781175 0.22886706874999999 0.5383772578125 0.19088825 0.5330560203125
0 0.474628915625 0.380136140625 0.471265671875 0.41034564375000004 0.5112646390625 0.41594992656249996 0.5146278843750001 0.38574042343750004 0.474628915625 0.380136140625
0 0.4853886546875 0.26137523749999997 0.482159940625 0.290376359375 0.52296696875 0.296093859375 0.5261956828125001 0.2670927375 0.4853886546875 0.26137523749999997
0 0 0.59671641875 0.0036087234375 0.597222040625 0.007196184375 0.564998571875 0 0.563990309375 0 0.59671641875
0 0.13180974375 0.5219149562500001 0.1284464984375 0.5521244578125 0.16440516875 0.557162653125 0.16776841250000002 0.5269531515625 0.13180974375 0.5219149562500001
0 0.14795596093750002 0.398999840625 0.14490662031249998 0.42638978906249997 0.18490558906250001 0.431994071875 0.1879549296875 0.404604121875 0.14795596093750002 0.398999840625
0 0 0.6441692812500001 0.017396315625 0.646606690625 0.021387365624999998 0.6107580796875001 0 0.6077614812500001 0 0.6441692812500001
0 0 0.7566652859375 0.3404093078125 0.804360265625 0.3813512046875 0.43660992343749994 0.0072194375 0.384190065625 0 0.44903685 0 0.7566652859375
0 0 0.65153265625 0.045275265625 0.6578762031250001 0.067562365625 0.4576879015625 0.0000893578125 0.44823421249999995 0 0.449036846875 0 0.65153265625
0 0.00549258125 0.5839864671874999 0.0022638671875 0.612987590625 0.0362023859375 0.6177427390625 0.0394311015625 0.5887416156249999 0.00549258125 0.5839864671874999
0 0 0.6449874328125 0.0338718578125 0.6497332421875 0.0409122484375 0.5864946843750001 0 0.5807624421875001 0 0.6449874328125
2 0 0.776300953125 0.8255169953125 0.8919646999999999 0.897445584375 0.245884140625 0.036053653125 0.12519393125 0 0.449036846875 0 0.776300953125