0 0.2521199828125 0.6903640281250001 0.25825686875 0.7429970203125 0.312705884375 0.7379015375 0.3065689984375 0.6852685468749999 0.2521199828125 0.6903640281250001
0 0.8843396875 0.39708714375 0.8945223703125 0.48441891875 0.9376926624999999 0.4803789296875 0.927509978125 0.3930471546875 0.8843396875 0.39708714375
0 0.276733146875 0.5710046156249999 0.28000615156249997 0.599075540625 0.3126755609375 0.596018253125 0.3094025546875 0.567947325 0.276733146875 0.5710046156249999
0 0.758834221875 0.5582068312499999 0.76456198125 0.60733095625 0.8182331546875 0.602308265625 0.8125053937500001 0.5531841421875 0.758834221875 0.5582068312499999
0 0.6901314359375 0.14094849375000001 0.6955409859375 0.1873434984375 0.7402669625 0.183157925 0.7348574109375 0.13676291875 0.6901314359375 0.14094849375000001
0 0.725523328125 0.4107672125 0.7294782093750001 0.44468625 0.7598140890625 0.44184733906250007 0.7558592078124999 0.4079283 0.725523328125 0.4107672125
0 0.7346251109375 0.4753407125 0.739034575 0.5131584874999999 0.7720929046875 0.5100648015625 0.767683440625 0.472247025 0.7346251109375 0.4753407125
0 0.46007530625 1 0.4658702859375 0.999457690625 0.45727864843750005 0.9257715046874999 0.3993293390625 0.9311945546875 0.40735189531250005 1 0.46007530625 1
0 0.6952026265625 0.6362870890625001 0.6982938 0.6627985203125 0.7266850703125 0.6601415890625 0.7235939 0.633630159375 0.6952026265625 0.6362870890625001
0 0.4558239390625 0.5794690250000001 0.4593696953125 0.6098791968749999 0.49592832031249995 0.6064579453125 0.4923825640625 0.5760477734375 0.4558239390625 0.5794690250000001
0 0.8114093171875 0.3380927625 0.8171370765624999 0.38721688906249996 0.8494175640625 0.3841959953125 0.8436898046874999 0.3350718703125 0.8114093171875 0.3380927625
0 0.7605717421875 0.5596207421875 0.76498120625 0.59743851875 0.79881738125 0.5942720421875001 0.794407915625 0.5564542640625 0.7605717421875 0.5596207421875
0 0.793089659375 0.8486265656249999 0.799317459375 0.902039303125 0.8475437296875 0.8975261625 0.841315928125 0.8441134234375 0.793089659375 0.8486265656249999
0 0.829668465625 0.6666633859375 0.833896096875 0.70292166875 0.8688990343749999 0.6996460015625 0.8646714031249999 0.66338771875 0.829668465625 0.6666633859375
0 0.5255318328125 0.7558210234375 0.5303504218749999 0.7971476671875 0.5731317921875 0.7931440734375 0.5683132015625 0.7518174296875 0.5255318328125 0.7558210234375
0 0.48091191875000006 0.7103365296875 0.4868215125 0.76102015 0.53932591875 0.7561066484375 0.5334163265625 0.7054230296874999 0.48091191875000006 0.7103365296875
0 0.1923271125 0.926130425 0.19878220625 0.98149253125 0.26139857499999997 0.975632728125 0.25494348125 0.9202706203125001 0.1923271125 0.926130425
0 0.26886885 0.5642521421875 0.273823815625 0.6067484078125001 0.31971655625 0.60245364375 0.314761590625 0.559957378125 0.26886885 0.5642521421875
0 0.68738883125 0.5625281109375 0.6939348421875 0.618669965625 0.8218900265625001 0.6066955843749999 0.8153440156249999 0.5505537281249999 0.68738883125 0.5625281109375
2 1 0.444892890625 0.9494146234375 0.011047439062500001 0.88583406875 0.0103076125 0.0010833734374999999 0.0931049125 0.0061229359375 0.5262038890625 0.06136646875 1 0.6032680640625 1 1 0.96287278125 1 0.444892890625