1 0.7747657296875 0.093038821875 0.20816599687499998 0.093038821875 0.20816599687499998 0.9531459171875 0.7747657296875 0.9531459171875 0.7747657296875 0.093038821875
0 0.5599062921875 0.20615796562500002 0.49531459218749996 0.20615796562500002 0.49531459218749996 0.24297188749999998 0.5599062921875 0.24297188749999998 0.5599062921875 0.20615796562500002
0 0.578982596875 0.62851405625 0.5378179390625 0.62851405625 0.5378179390625 0.6830655953125 0.578982596875 0.6830655953125 0.578982596875 0.62851405625
0 0.715863453125 0.2038152609375 0.672356090625 0.2038152609375 0.672356090625 0.2409638546875 0.715863453125 0.2409638546875 0.715863453125 0.2038152609375
0 0.6037483265625 0.26974565 0.569946453125 0.26974565 0.569946453125 0.3038821953125 0.6037483265625 0.3038821953125 0.6037483265625 0.26974565
0 0.3018741640625 0.71419009375 0.256024096875 0.71419009375 0.256024096875 0.7597054890625 0.3018741640625 0.7597054890625 0.3018741640625 0.71419009375
0 0.2908299859375 0.8176037484374999 0.2332663984375 0.8176037484374999 0.2332663984375 0.8885542171875 0.2908299859375 0.8885542171875 0.2908299859375 0.8176037484374999
0 0.3477242296875 0.8363453812499999 0.312918340625 0.8363453812499999 0.312918340625 0.8765060234375 0.3477242296875 0.8765060234375 0.3477242296875 0.8363453812499999
0 0.3162650609375 0.8045515390625001 0.2901606421875 0.8045515390625001 0.2901606421875 0.8346720218750001 0.3162650609375 0.8346720218750001 0.3162650609375 0.8045515390625001
0 0.5903614453125 0.13621151250000002 0.5555555562500001 0.13621151250000002 0.5555555562500001 0.1643239625 0.5903614453125 0.1643239625 0.5903614453125 0.13621151250000002
0 0.3186077640625 0.8985943781250001 0.2898259703125 0.8985943781250001 0.2898259703125 0.9320615796875 0.3186077640625 0.9320615796875 0.3186077640625 0.8985943781250001
0 0.470214190625 0.35040160625 0.4334002671875 0.35040160625 0.4334002671875 0.394243640625 0.470214190625 0.394243640625 0.470214190625 0.35040160625