1 0 0.3379897859375 0.0806583203125 0.88639085625 0.9788112109375 0.7340292749999999 0.9795889109375 0.70730148125 0.8962962687499999 0.1409894953125 0 0.293036121875 0 0.3379897859375
0 0.204991828125 0.6351052796875 0.1950614921875 0.5675882890625 0.1564225125 0.574142959375 0.16635285 0.64165995 0.204991828125 0.6351052796875
0 0.6698360578125 0.5766874265624999 0.663507396875 0.5336584656250001 0.606251453125 0.5433712953125001 0.6125801140625 0.5864002578124999 0.6698360578125 0.5766874265624999
0 0.2268611203125 0.7984831015625 0.22017229375 0.7530053375 0.1811820515625 0.7596195953125 0.187870878125 0.8050973593749999 0.2268611203125 0.7984831015625
0 0.2756620546875 0.670087875 0.27046535 0.634755146875 0.2346364796875 0.6408331140625 0.23983318437499998 0.676165840625 0.2756620546875 0.670087875
0 0.7076727 0.2733834171875 0.7006237046875 0.2254568484375 0.652851875 0.2335608046875 0.6599008703125 0.28148737343749997 0.7076727 0.2733834171875
0 0.8412111953125001 0.238897715625 0.8323613609375 0.1787271328125 0.7578935109375 0.1913597703125 0.76674334375 0.251530353125 0.8412111953125001 0.238897715625
0 0.8373126390625 0.300513803125 0.831961578125 0.2641315921875 0.7898099625 0.271282140625 0.795161025 0.3076643515625 0.8373126390625 0.300513803125
0 0.788568171875 0.27507837031250004 0.784554875 0.2477917109375 0.7529411640625 0.2531546234375 0.7569544609375 0.28044128281249997 0.788568171875 0.27507837031250004
0 0.1271270953125 0.6809428734375 0.121776034375 0.6445606625 0.09226990625 0.649566046875 0.09762096718749999 0.6859482578125 0.1271270953125 0.6809428734375
0 0.8911460015625 0.2601870890625 0.8867210859375 0.2301017984375 0.851594740625 0.236060590625 0.8560196578125 0.26614588125 0.8911460015625 0.2601870890625
0 0.3499736296875 0.5144173828125 0.34431385312499996 0.47593619531250003 0.2982983421875 0.4837422125 0.3039581203125 0.5222233984375 0.3499736296875 0.5144173828125