0 0.5898067578124999 0.40019845 0.5829166906250001 0.3583106734375 0.5394025171875 0.36571655000000003 0.5462925859375 0.40760432812499997 0.5898067578124999 0.40019845
0 0.2759083640625 0.26284820781249996 0.2678844875 0.21406750468750002 0.204735871875 0.22481505781250002 0.21275974843749998 0.27359576093750004 0.2759083640625 0.26284820781249996
0 0.31533348437500003 0.3831392765625 0.2757374 0.1424171171875 0.0868222140625 0.17456945937499999 0.1264183 0.4152916203125 0.31533348437500003 0.3831392765625
0 0.579421840625 0.300583125 0.5734039328125 0.2639976 0.5378496703125 0.2700487421875 0.543867578125 0.30663426875 0.579421840625 0.300583125
0 0.28074438125 0.196071828125 0.2728077203125 0.1478213515625 0.20222985625 0.159833321875 0.2101665171875 0.2080837984375 0.28074438125 0.196071828125
0 0.78453523125 0.691917678125 0.6823180265625 0.07049395 0.07205829687500001 0.1743568546875 0.174275503125 0.7957805828125 0.78453523125 0.691917678125
0 0.5327384328125 0.3019875640625 0.5269821734375 0.2669927109375 0.4914279125 0.2730438546875 0.497184171875 0.3080387078125 0.5327384328125 0.3019875640625
0 0.6027023171875 0.40563465781249997 0.5775840953125 0.2529298515625 0.48790244843749997 0.26819318281250004 0.5130206687500001 0.420897990625 0.6027023171875 0.40563465781249997
0 0.51134695 0.7324170890625 0.4922466359375 0.616297809375 0.359581478125 0.6388767015625 0.3786817921875 0.7549959828125 0.51134695 0.7324170890625
0 0.5875170484375001 0.3962275984375 0.582371303125 0.36494432187500003 0.5579609125 0.3690988375 0.563106659375 0.4003821140625 0.5875170484375001 0.3962275984375
0 0.58295466875 0.30216213281250004 0.57527965625 0.2555023296875 0.48931263437499994 0.2701334515625 0.49698764687499997 0.31679325468749997 0.58295466875 0.30216213281250004
0 0.749524775 0.495655771875 0.7060039671875 0.23107348437500003 0.486310465625 0.26846413125 0.529831271875 0.5330464171875 0.749524775 0.495655771875
0 0.25716470625 0.3810477765625 0.2506235015625 0.3412809015625 0.20021074218749998 0.3498608796875 0.20675194531250002 0.3896277546875 0.25716470625 0.3810477765625
0 0.29394346250000003 0.26304914375 0.2744942828125 0.1448089640625 0.19171122499999999 0.158898190625 0.21116040156250002 0.27713837343750003 0.29394346250000003 0.26304914375
2 0.648147309375 0 0.002557390625 0.1098759109375 0.0124514109375 0.534963409375 0.083796921875 0.9687044078125 0.999186515625 0.8129100515625 0.8654719640625 0 0.648147309375 0