1 1 0.0958250578125 0.0007767140625 0.0667506296875 0.010082625000000001 0.8664987406250001 1 0.89530239375 1 0.0958250578125
0 0.25310935625000003 0.581057915625 0.2525622359375 0.5340386046875001 0.20386366250000001 0.5326216203125 0.2044107828125 0.5796409312499999 0.25310935625000003 0.581057915625
0 0.3705605234375 0.6482657140625 0.3701941484375 0.6167795671875 0.333250403125 0.6157046140625 0.333616778125 0.6471907609375 0.3705605234375 0.6482657140625
0 0.20759226874999998 0.42025770937500007 0.20681555624999998 0.3535070796875 0.1430036328125 0.3516503421875 0.1437803453125 0.41840097187499997 0.20759226874999998 0.42025770937500007
0 0.3937670140625 0.586829328125 0.393356675 0.5515648453125 0.3530544078125 0.55039216875 0.35346474687499996 0.5856566515625 0.3937670140625 0.586829328125
0 0.13501972499999998 0.6393138109375001 0.13437490624999998 0.58389819375 0.0835772578125 0.5824201328124999 0.0842220765625 0.63783575 0.13501972499999998 0.6393138109375001
0 0.1462684578125 0.23549587968750002 0.145218184375 0.14523559375 0.060415496874999995 0.1427680875 0.0614657703125 0.2330283734375 0.1462684578125 0.23549587968750002
0 0.201042784375 0.614795478125 0.2005640546875 0.5736535796875 0.157742896875 0.5724076109375 0.1582216265625 0.6135495093750001 0.201042784375 0.614795478125
0 0.1530660140625 0.531143559375 0.1524456203125 0.47782701875000005 0.101647971875 0.476348959375 0.102268365625 0.5296655 0.1530660140625 0.531143559375
0 0.2495465453125 0.6716036484375 0.2490238515625 0.6266834125 0.1999054640625 0.6252542125 0.2004281578125 0.6701744484375001 0.2495465453125 0.6716036484375
0 0.86339894375 0.624415590625 0.8629495234375 0.585792584375 0.8083735375 0.5842045859375 0.8088229578125 0.6228275921875001 0.86339894375 0.624415590625
0 0.614730046875 0.42496976562500005 0.6141487328124999 0.375011746875 0.5574736703125 0.373362671875 0.558054984375 0.42332069062500005 0.614730046875 0.42496976562500005
0 0.07504269999999999 0.389961503125 0.07434903125 0.3303477328125 0.018093784374999998 0.3287108734375 0.018787453125 0.38832464375 0.07504269999999999 0.389961503125
0 0.423187690625 0.5184393140625 0.422445171875 0.45462739062499996 0.364930478125 0.452953884375 0.365672996875 0.5167658078125 0.423187690625 0.5184393140625
0 0.3777755421875 0.65519041875 0.3772528484375 0.610270184375 0.32561556875000003 0.6087676937500001 0.3261382625 0.653687928125 0.3777755421875 0.65519041875