0 0.8404106718750001 0.5938095437500001 0.837658159375 0.5678127984375 0.8107423015625 0.5718854531249999 0.8134948140624999 0.5978821984375 0.8404106718750001 0.5938095437500001
0 0.6960129296875001 0.6017181421875 0.693451565625 0.5775267281249999 0.6643533421875001 0.5819295984374999 0.6669147062499999 0.6061210140625 0.6960129296875001 0.6017181421875
0 0.27039779531249997 0.763333603125 0.263669434375 0.6997860015625 0.2058367140625 0.708536709375 0.21256507500000002 0.7720843078125 0.27039779531249997 0.763333603125
0 0.8460730062499999 0.6193660015625 0.8380830749999999 0.5439032265625 0.7566080484375 0.5562312656249999 0.7645979796875 0.631694040625 0.8460730062499999 0.6193660015625
0 0.7824513921875 0.4338282109375 0.7784755421875 0.39627735625 0.7399203937500001 0.40211115937499997 0.7438962453125 0.4396620140625 0.7824513921875 0.4338282109375
0 0.8929896062499999 0.5179864656250001 0.8890519828125001 0.4807966765625 0.8537703859375 0.486135159375 0.8577080078125 0.5233249453125 0.8929896062499999 0.5179864656250001
0 0.5062070015625 0.7357238671874999 0.5021929203125 0.6978119484375 0.4523622125 0.7053518640625 0.4563762921875 0.7432637859375 0.5062070015625 0.7357238671874999
0 0.8059559484375001 0.5755444828125 0.8033945812500001 0.5513530671875 0.780843459375 0.5547652937499999 0.7834048234375001 0.5789567078125 0.8059559484375001 0.5755444828125
0 0.7937388249999999 0.5997709390625 0.7906040203125 0.570163534375 0.761869521875 0.5745113703125 0.7650043281250001 0.604118775 0.7937388249999999 0.5997709390625
0 0.8070394437499999 0.62417164375 0.8047839124999999 0.6028687546875 0.784051428125 0.6060058015625 0.7863069578124999 0.6273086890624999 0.8070394437499999 0.62417164375
0 0.83155663125 0.6567801234374999 0.8289952656249999 0.63258870625 0.8038980484374999 0.63638618125 0.8064594125 0.6605776 0.83155663125 0.6567801234374999
0 0.7431906500000001 0.422526809375 0.7391001109374999 0.3838927578125 0.70127241875 0.38961649062500003 0.7053629578125 0.428250540625 0.7431906500000001 0.422526809375
0 0.7024442453125 0.6066146234375001 0.6985066234375 0.569424834375 0.6570416531250001 0.5756989265625 0.6609792750000001 0.6128887125 0.7024442453125 0.6066146234375001
0 0.896146165625 0.6525097953125 0.8836451734375 0.5344412421875 0.7537943484375 0.5540890546874999 0.7662953406249999 0.6721576078125 0.896146165625 0.6525097953125
0 0.8465164875 0.599122125 0.8423877187500001 0.56012700625 0.8041963000000001 0.5659057749999999 0.8083250671875 0.6049008921875 0.8465164875 0.599122125
2 0 0.8063174249999999 0.0102591484375 0.9032123625 0.9497680640624999 0.7610546625 0.8709774078124999 0.016897829687499998 0 0.1486859828125 0 0.8063174249999999