0 0.3504601234375 0.7074386500000001 0.29869631874999997 0.7074386500000001 0.29869631874999997 0.7611196312499999 0.3504601234375 0.7611196312499999 0.3504601234375 0.7074386500000001
0 0.578220859375 0.06863496875 0.49233128906249995 0.06863496875 0.49233128906249995 0.11119631875 0.578220859375 0.11119631875 0.578220859375 0.06863496875
0 0.464340490625 0.69133435625 0.43673312812500004 0.69133435625 0.43673312812500004 0.7235429453125 0.464340490625 0.7235429453125 0.464340490625 0.69133435625
0 0.43289877343749994 0.1990030671875 0.3845858890625 0.1990030671875 0.3845858890625 0.251917178125 0.43289877343749994 0.251917178125 0.43289877343749994 0.1990030671875
0 0.8450920249999999 0.22737729999999998 0.799463190625 0.22737729999999998 0.799463190625 0.2714723921875 0.8450920249999999 0.2714723921875 0.8450920249999999 0.22737729999999998
0 0.579371165625 0.23773006093750002 0.5460122703125 0.23773006093750002 0.5460122703125 0.2676380375 0.579371165625 0.2676380375 0.579371165625 0.23773006093750002
0 0.515720859375 0.23351227031250002 0.47852760781250003 0.23351227031250002 0.47852760781250003 0.26610429375 0.515720859375 0.26610429375 0.515720859375 0.23351227031250002
0 0.10276073593749999 0.5878067484375 0.030291410937500002 0.5878067484375 0.030291410937500002 0.6449386500000001 0.10276073593749999 0.6449386500000001 0.10276073593749999 0.5878067484375
0 0.36273006093750004 0.2948619625 0.3366564421875 0.2948619625 0.3366564421875 0.3228527609375 0.36273006093750004 0.3228527609375 0.36273006093750004 0.2948619625
0 0.43980061406250004 0.51380368125 0.40989263749999993 0.51380368125 0.40989263749999993 0.549846625 0.43980061406250004 0.549846625 0.43980061406250004 0.51380368125
0 0.6422546015624999 0.14378834375 0.5939417171875 0.14378834375 0.5939417171875 0.175613496875 0.6422546015624999 0.175613496875 0.6422546015624999 0.14378834375
0 0.43136503125000003 0.21702454062499998 0.3941717796875 0.21702454062499998 0.3941717796875 0.2503834359375 0.43136503125000003 0.2503834359375 0.43136503125000003 0.21702454062499998
0 0.1472392640625 0.20398772968749998 0.0947085890625 0.20398772968749998 0.0947085890625 0.2515337421875 0.1472392640625 0.2515337421875 0.1472392640625 0.20398772968749998
0 0.3209355828125 0.160659509375 0.2852760734375 0.160659509375 0.2852760734375 0.1951687109375 0.3209355828125 0.1951687109375 0.3209355828125 0.160659509375
0 0.261886503125 0.45973926406250004 0.22124233124999998 0.45973926406250004 0.22124233124999998 0.501917178125 0.261886503125 0.501917178125 0.261886503125 0.45973926406250004
0 0.31019938593749996 0.4884969328125 0.2603527609375 0.4884969328125 0.2603527609375 0.5402607359375 0.31019938593749996 0.5402607359375 0.31019938593749996 0.4884969328125
0 0.1265337421875 0.784509203125 0.07208588906249999 0.784509203125 0.07208588906249999 0.84624233125 0.1265337421875 0.84624233125 0.1265337421875 0.784509203125
0 0.4716257671875 0.6851993859375 0.42983128906249995 0.6851993859375 0.42983128906249995 0.7304447859375001 0.4716257671875 0.7304447859375001 0.4716257671875 0.6851993859375
0 0.43519938593749996 0.1959355828125 0.37998466249999996 0.1959355828125 0.37998466249999996 0.3220858890625 0.43519938593749996 0.3220858890625 0.43519938593749996 0.1959355828125
2 0.954371165625 0.0038343562499999996 0.0046012265625 0.0038343562499999996 0.0046012265625 0.9904141109375001 0.954371165625 0.9904141109375001 0.954371165625 0.0038343562499999996