0 0.32888239375 0.5841981265625 0.3967553953125 0.579058153125 0.3928356953125 0.5230380203125 0.32496269375 0.5281779921875 0.32888239375 0.5841981265625
0 0.466515096875 0.58632788125 0.5066986140624999 0.5832848125 0.5032275546875 0.5336766234375 0.4630440375 0.536719690625 0.466515096875 0.58632788125
0 0.43167329218750006 0.5007591234375 0.46814236875 0.49799734687499997 0.46535607656250005 0.45817580468749997 0.428887 0.46093758124999995 0.43167329218750006 0.5007591234375
0 0.404447278125 0.30571153125 0.4689435140625 0.300827278125 0.46559051875 0.252906440625 0.4010942828125 0.2577906921875 0.404447278125 0.30571153125
0 0.2684527921875 0.48224713281250003 0.30863630937500003 0.479204065625 0.305566665625 0.435332875 0.2653831484375 0.43837594375 0.2684527921875 0.48224713281250003
0 0.41749597656250004 0.385466971875 0.4613939359375 0.3821426109375 0.45865486874999994 0.342996009375 0.41475690781249996 0.3463203703125 0.41749597656250004 0.385466971875
0 0.4247867125 0.7516536765625 0.4680093203125 0.7483804593750001 0.46382988125 0.6886481484375 0.42060727187499997 0.6919213640625 0.4247867125 0.7516536765625
0 0.3601457453125 0.24019690468750002 0.4134986515625 0.23615652968749998 0.41123183750000003 0.203759340625 0.3578789296875 0.20779971718749998 0.3601457453125 0.24019690468750002
0 0.3548501515625 0.6690818765625 0.392332259375 0.666243384375 0.3892862265625 0.6227096640625 0.3518041203125 0.62554815625 0.3548501515625 0.6690818765625
0 0.195309853125 0.2859271734375 0.2381947859375 0.2826795296875 0.23559739531249999 0.24555775156249998 0.19271246250000001 0.2488053953125 0.195309853125 0.2859271734375
0 0.37487788125 0.38767663125 0.4126976640625 0.384812565625 0.4103364 0.3510654984375 0.3725166171875 0.35392956249999996 0.37487788125 0.38767663125
0 0.27947884375 0.23714575781249997 0.32574054218750004 0.23364239531250003 0.3233084390625 0.1988829140625 0.277046740625 0.20238627656250002 0.27947884375 0.23714575781249997
0 0.259337521875 0.594553590625 0.325522140625 0.5895414796875 0.3211301890625 0.52677193125 0.25494556875 0.5317840421875 0.259337521875 0.594553590625
0 0.2732509453125 0.5314155640625 0.31073305 0.5285770734375 0.30834817187499997 0.49449253437499996 0.2708660671875 0.497331025 0.2732509453125 0.5314155640625
0 0.3761490765625 0.87645238125 0.42409915781249996 0.87282115625 0.41965998125 0.8093766656250001 0.3717098984375 0.813007890625 0.3761490765625 0.87645238125
0 0.45731279062499997 0.5955062375 0.5180945828125 0.5909032765625 0.5133248265625 0.5227341984375 0.4525430359375 0.5273371578125 0.45731279062499997 0.5955062375