0 0.33675114375000004 0.574649771875 0.3717318953125 0.5789540921875 0.376825815625 0.5426311265625 0.3418450609375 0.5383268046875 0.33675114375000004 0.574649771875
0 0.4650831015625 0.258752221875 0.4958493078125 0.26253795156250004 0.5010616890625 0.225370265625 0.4702954859375 0.22158453749999998 0.4650831015625 0.258752221875
0 0.6090997953125 0.726744765625 0.655881284375 0.732501146875 0.6626929203125 0.6839297390625 0.61591143125 0.6781733578125 0.6090997953125 0.726744765625
0 0.6208913796875 0.856660575 0.6499717656249999 0.8602388671875 0.6547102953125 0.8264500609375001 0.625629909375 0.8228717703124999 0.6208913796875 0.856660575
0 0.53337475 0.2211830125 0.566248228125 0.22522803749999998 0.5716975390625 0.18637091249999999 0.538824059375 0.1823258875 0.53337475 0.2211830125
0 0.4646251421875 0.45461554687500005 0.4882266140625 0.45751966875 0.4919582046875 0.430910984375 0.46835673437500003 0.42800686250000003 0.4646251421875 0.45461554687500005
0 0.5425009375000001 0.290620071875 0.6082478953125 0.2987101203125 0.61920574375 0.2205735109375 0.5534587875 0.2124834609375 0.5425009375000001 0.290620071875
0 0.5348668453125 0.5070828078125 0.566897415625 0.5110241140625 0.5716359453125001 0.47723530937499997 0.539605375 0.4732940015625 0.5348668453125 0.5070828078125
0 0.4299520125 0.188263546875 0.4632469453125 0.19236043125 0.47047320312499996 0.140832503125 0.43717827031249995 0.13673561875 0.4299520125 0.188263546875
0 0.427058628125 0.71637506875 0.4519244640625 0.7194347671875 0.455004509375 0.69747204375 0.4301386734375 0.6944123453125 0.427058628125 0.71637506875
0 0.40033611249999995 0.71738339375 0.4593397921875 0.72464369375 0.47651696093749996 0.6021592765625 0.41751328125000003 0.594898975 0.40033611249999995 0.71738339375
0 0.6343029046875001 0.3483181734375 0.6806629390625 0.354022696875 0.688896134375 0.295314646875 0.6425360984374999 0.289610125 0.6343029046875001 0.3483181734375
0 0.44437703125 0.629568846875 0.4662926859375 0.6322655312500001 0.4697873515625 0.6073462875 0.44787169687499995 0.604649603125 0.44437703125 0.629568846875
0 0.5901639296875001 0.7639423937500001 0.61797995 0.7673651078125 0.6218892375 0.7394893437500001 0.5940732171875001 0.7360666296875 0.5901639296875001 0.7639423937500001
0 0.4081045578125 0.6925603828125 0.44729986093749996 0.697383296875 0.45630306562499995 0.6331845671874999 0.4171077625 0.628361653125 0.4081045578125 0.6925603828125
0 0.3279803234375 0.5821635046875 0.3789763625 0.5884384796875 0.3865580078125 0.5343763921875 0.3355619703125 0.5281014171875 0.3279803234375 0.5821635046875
0 0.3973927609375 0.7200287578125 0.4892699203125 0.731334084375 0.5113633140625 0.57379378125 0.4194861546875 0.5624884546875 0.3973927609375 0.7200287578125
0 0.456430746875 0.2654212375 0.501947871875 0.271022040625 0.5092925921875 0.21864939218749999 0.46377546875000003 0.21304858906250002 0.456430746875 0.2654212375