0 0.39494163437499996 0.39785992187499997 0.35651750937500004 0.39785992187499997 0.35651750937500004 0.437743190625 0.39494163437499996 0.437743190625 0.39494163437499996 0.39785992187499997
0 0.224708171875 0.6575875484375 0.1799610890625 0.6575875484375 0.1799610890625 0.7154669265625 0.224708171875 0.7154669265625 0.224708171875 0.6575875484375
0 0.33803501874999997 0.6400778203125 0.1172178984375 0.6400778203125 0.1172178984375 0.8132295718749999 0.33803501874999997 0.8132295718749999 0.33803501874999997 0.6400778203125
0 0.30447470781249997 0.39250972812499996 0.27091439687499996 0.39250972812499996 0.27091439687499996 0.42509727656249996 0.30447470781249997 0.42509727656249996 0.30447470781249997 0.39250972812499996
0 0.16585603124999998 0.6434824906250001 0.12159533125 0.6434824906250001 0.12159533125 0.7081712062500001 0.16585603124999998 0.7081712062500001 0.16585603124999998 0.6434824906250001
0 0.684824903125 0.26702334687499996 0.1147859921875 0.26702334687499996 0.1147859921875 0.8263618671874999 0.684824903125 0.8263618671874999 0.684824903125 0.26702334687499996
0 0.29863813281249996 0.434338521875 0.266536965625 0.434338521875 0.266536965625 0.46692607031250005 0.29863813281249996 0.46692607031250005 0.29863813281249996 0.434338521875
0 0.40175097343750005 0.38715953281250004 0.26167315156250004 0.38715953281250004 0.26167315156250004 0.46935797656249995 0.40175097343750005 0.46935797656249995 0.40175097343750005 0.38715953281250004
0 0.6794747078125 0.5165369656250001 0.5729571984375 0.5165369656250001 0.5729571984375 0.6381322953125 0.6794747078125 0.6381322953125 0.6794747078125 0.5165369656250001
0 0.391050584375 0.39931906562499997 0.36235408593749996 0.39931906562499997 0.36235408593749996 0.42169260625 0.391050584375 0.42169260625 0.391050584375 0.39931906562499997
0 0.30642023281249997 0.3895914390625 0.26361867656250004 0.3895914390625 0.26361867656250004 0.46838521406250005 0.30642023281249997 0.46838521406250005 0.30642023281249997 0.3895914390625
0 0.50437743125 0.26945525312499996 0.26167315156250004 0.26945525312499996 0.26167315156250004 0.47081712031249995 0.50437743125 0.47081712031249995 0.50437743125 0.26945525312499996
0 0.3273346296875 0.691634240625 0.29085603125000004 0.691634240625 0.29085603125000004 0.7378404671875 0.3273346296875 0.7378404671875 0.3273346296875 0.691634240625
0 0.227626459375 0.6415369656250001 0.1191634234375 0.6415369656250001 0.1191634234375 0.7174124515625 0.227626459375 0.7174124515625 0.227626459375 0.6415369656250001
2 0.8253891046874999 0.0933852140625 0.046692606250000004 0.0933852140625 0.046692606250000004 0.99562256875 0.8253891046874999 0.99562256875 0.8253891046874999 0.0933852140625