1 0.6453761874999999 1 0.92221095625 0.9657575250000001 0.7554804125000001 0.013186959375000001 0.4650365953125 0.00811724375 0.0022823031250000002 0.06535663124999999 0.0024932 0.071395884375 0.1650288421875 1 0.6453761874999999 1
0 0.7910881140625 0.98197648125 0.7777763140625 0.9059230546875 0.698307921875 0.9157527249999999 0.711619721875 0.9918061515625001 0.7910881140625 0.98197648125
0 0.5849697140625 0.778461321875 0.505501325 0.7882909921875 0.519513746875 0.8683472296874999 0.5989821359375 0.858517559375 0.5849697140625 0.778461321875
0 0.6322386359375 0.3759355484375 0.6004512796875 0.3798674171875 0.6067568703124999 0.41589272499999996 0.6385442265625 0.41196085625 0.6322386359375 0.3759355484375
0 0.6292058468749999 0.335415946875 0.6093387484375 0.3378733640625 0.613542475 0.36189023593749997 0.6334095734375 0.35943281875 0.6292058468749999 0.335415946875
0 0.49741148281249997 0.1390653328125 0.4775443859375 0.1415227515625 0.48314935468750003 0.173545246875 0.50301645 0.1710878296875 0.49741148281249997 0.1390653328125
0 0.6453761828125 1 0.8069817921875 0.9800105453124999 0.7656451484375 0.7438446453124999 0.4477715875 0.7831633250000001 0.4857249921875 1 0.6453761828125 1
0 0.7555673453125 0.941385934375 0.7237799890625001 0.9453178015624999 0.7286843375000001 0.9733374843749999 0.7604716921875 0.9694056171875 0.7555673453125 0.941385934375
0 0.67610865625 0.8816933515625 0.6006136859375 0.8910315375 0.617428590625 0.987099021875 0.6929235609375 0.9777608359375 0.67610865625 0.8816933515625
0 0.6898907703125 0.937241234375 0.650156575 0.9421560703124999 0.6585640265625 0.9901898125 0.6982982234375 0.9852749781249999 0.6898907703125 0.937241234375
0 0.5197440515625 0.8928555843750001 0.48795669531249997 0.8967874515625001 0.49286104374999995 0.9248071359375001 0.5246484 0.9208752671875 0.5197440515625 0.8928555843750001
0 0.503957078125 0.1300767421875 0.46819630468750006 0.13450009375 0.4759031359375 0.1785310265625 0.5116639109375 0.1741076734375 0.503957078125 0.1300767421875
0 0.54521611875 0.9224206609375001 0.505481925 0.927335496875 0.51318875625 0.9713664265625 0.5529229499999999 0.9664515921874999 0.54521611875 0.9224206609375001
0 0.63575144375 0.32642735625 0.5999906671875 0.33085070625 0.6062962578125 0.3668760140625 0.6420570328124999 0.3624526640625 0.63575144375 0.32642735625
0 0.5828678515625 0.7664528859375 0.45571842812499996 0.78218035625 0.49355196562500003 0.9983321999999999 0.6207013890625 0.9826047265625 0.5828678515625 0.7664528859375
0 0.7712210171875 0.9844338984375 0.7628135640625 0.9364001562500001 0.7151325296875 0.94229795625 0.72353998125 0.9903316984374999 0.7712210171875 0.9844338984375
0 0.6292058468749999 0.335415946875 0.5934450703125 0.3398393 0.6067568703124999 0.41589272499999996 0.642517646875 0.4114693734375 0.6292058468749999 0.335415946875