1 0.9963917531250001 0.07061855624999999 0.0030927828125 0.07061855624999999 0.0030927828125 0.92938144375 0.9963917531250001 0.92938144375 0.9963917531250001 0.07061855624999999
0 0.732989690625 0.6402061859375 0.7030927828125 0.6402061859375 0.7030927828125 0.6711340203125 0.732989690625 0.6711340203125 0.732989690625 0.6402061859375
0 0.3561855671875 0.26494845312500004 0.319072165625 0.26494845312500004 0.319072165625 0.292268040625 0.3561855671875 0.292268040625 0.3561855671875 0.26494845312500004
0 0.921649484375 0.5773195875 0.8969072171875 0.5773195875 0.8969072171875 0.6 0.921649484375 0.6 0.921649484375 0.5773195875
0 0.7865979375000001 0.5778350515625 0.762371134375 0.5778350515625 0.762371134375 0.5994845359375 0.7865979375000001 0.5994845359375 0.7865979375000001 0.5778350515625
0 0.33402061875 0.5025773203125 0.303608246875 0.5025773203125 0.303608246875 0.530927834375 0.33402061875 0.530927834375 0.33402061875 0.5025773203125
0 0.6185567015625 0.7587628859375 0.589690721875 0.7587628859375 0.589690721875 0.7855670109374999 0.6185567015625 0.7855670109374999 0.6185567015625 0.7587628859375
0 0.526288659375 0.6675257734375 0.4927835046875 0.6675257734375 0.4927835046875 0.694329896875 0.526288659375 0.694329896875 0.526288659375 0.6675257734375
0 0.6242268046875 0.37938144375 0.5927835046875 0.37938144375 0.5927835046875 0.4061855671875 0.6242268046875 0.4061855671875 0.6242268046875 0.37938144375
0 0.75 0.778350515625 0.7252577312499999 0.778350515625 0.7252577312499999 0.8025773203125001 0.75 0.8025773203125001 0.75 0.778350515625
0 0.9092783499999999 0.8432989687499999 0.886082475 0.8432989687499999 0.886082475 0.8680412375 0.9092783499999999 0.8680412375 0.9092783499999999 0.8432989687499999
0 0.9670103093750001 0.2371134015625 0.2685567015625 0.2371134015625 0.2685567015625 0.8134020625 0.9670103093750001 0.8134020625 0.9670103093750001 0.2371134015625
0 0.7912371140625 0.636082475 0.6984536078125 0.636082475 0.6984536078125 0.744329896875 0.7912371140625 0.744329896875 0.7912371140625 0.636082475
0 0.7391752578124999 0.6335051546875 0.6958762890625 0.6335051546875 0.6958762890625 0.6778350515625 0.7391752578124999 0.6778350515625 0.7391752578124999 0.6335051546875