1 1 0.4716617671875 0.9791429703125001 0.2149030609375 0.0026334875 0.226321346875 0.006021196875 0.51746038125 0.025898815625 0.7621621390625 1 0.7507720140624999 1 0.4716617671875
0 0.7683091203125 0.36870090625 0.76440140625 0.320595325 0.7182396328125 0.32113509218749997 0.722147346875 0.369240671875 0.7683091203125 0.36870090625
0 0.4766045515625 0.6382335609374999 0.47416223124999995 0.608167575 0.42928273125 0.6086923484375 0.4317250515625 0.6387583359375 0.4766045515625 0.6382335609374999
0 0.9433512281249999 0.6749082765625001 0.93996686875 0.6332454078125 0.8967970624999999 0.633750190625 0.900181421875 0.6754130593750001 0.9433512281249999 0.6749082765625001
0 0.9933688374999999 0.5848996296875 0.99078695625 0.553115584375 0.9497542671874999 0.553595378125 0.95233615 0.5853794234375 0.9933688374999999 0.5848996296875
0 0.411086415625 0.690160390625 0.40826029999999996 0.6553697484375001 0.36038883125 0.6559295078125 0.363214946875 0.6907201484375001 0.411086415625 0.690160390625
0 0.8521190796875 0.368150840625 0.8492580750000001 0.3329306828125 0.8120722031250001 0.333365496875 0.8149332078124999 0.36858565312499997 0.8521190796875 0.368150840625
0 0.608269278125 0.4157140609375 0.60645498125 0.393379328125 0.5808095515625 0.3936791984375 0.5826238453125 0.4160139328125 0.608269278125 0.4157140609375
0 0.5392624625 0.3193585671875 0.5358781031250001 0.277695696875 0.4905711765625 0.27822546875 0.4939555359375 0.31988833906249997 0.5392624625 0.3193585671875
0 0.5669054499999999 0.31731565 0.5644282390625001 0.28682014843750003 0.5340811453125001 0.2871749953125 0.53655835625 0.31767049687500004 0.5669054499999999 0.31731565
0 1 0.5927972859375 0.9960381937499999 0.54402581875 0.9413279453125 0.5446655453125 0.9453403281250001 0.5940596671875 1 0.5934205343750001 1 0.5927972859375
0 1 0.48746206875000003 0.97873295625 0.2256559078125 0.47650996250000005 0.23152838125000003 0.516878040625 0.7284762046875 1 0.7228270796875 1 0.48746206875000003