1 0.0583218859375 0 0 0.38536764375 0 0.9449407515624999 0.4403216625 0.9863413109374999 0.9132656046875001 0.9725800484375 0.9845616609375 0.50148428125 0.9983229234375001 0.028540339062499996 0.6947780046875 0 0.0583218859375 0
0 0.555902759375 0.5407460046875 0.550614540625 0.5756884328125 0.5903965828125 0.5794288765625 0.5956848015625 0.5444864500000001 0.555902759375 0.5407460046875
0 0.18109064531250002 0.5466148671875 0.1764370140625 0.5773642046874999 0.21251840312499998 0.5807567015624999 0.21717203437500002 0.5500073624999999 0.18109064531250002 0.5466148671875
0 0.15158372656250002 0.5121811078125 0.1473531515625 0.5401350500000001 0.1866726140625 0.5438320015625 0.19090318906249998 0.5158780593750001 0.15158372656250002 0.5121811078125
0 0.12824724999999998 0.6167783984375 0.1233820890625 0.6489254328125 0.1539124953125 0.65179600625 0.15877765625 0.6196489734374999 0.12824724999999998 0.6167783984375
0 0.49748276249999995 0.5919565890625 0.49205352500000005 0.6278308171875 0.535536225 0.631919209375 0.5409654625 0.5960449828125001 0.49748276249999995 0.5919565890625
0 0.2800819546875 0.6830325687500001 0.2755693421875 0.7128501078125 0.314888803125 0.7165470593750001 0.31940141718750004 0.68672951875 0.2800819546875 0.6830325687500001
0 0 0.5314782140625 0.011041046875 0.53251633125 0.015342131249999998 0.5040964890625 0 0.50265396875 0 0.5314782140625
0 0.5779139484375 0.9161131765625001 0.5730487875 0.9482602109375 0.6174566515625 0.9524355906249999 0.6223218125 0.9202885562500001 0.5779139484375 0.9161131765625001
0 0.163206340625 0.196679734375 0.158552709375 0.22742907343750002 0.1918586046875 0.23056060781249998 0.1965122375 0.19981127031249998 0.163206340625 0.196679734375
0 0.130512584375 0.1988035703125 0.1261409890625 0.2276893125 0.1608346328125 0.23095132812500002 0.1652062265625 0.20206558593750001 0.130512584375 0.1988035703125
0 0.1398422953125 0.1278564328125 0.1169971890625 0.278807728125 0.2923157328125 0.29529178125 0.3151608375 0.14434048593749998 0.1398422953125 0.1278564328125
0 0.039744059375 0.1165547375 0.057784753125 0.11825098593750001 0.0658933546875 0.06467259375 0.0478526609375 0.0629763453125 0.039744059375 0.1165547375
0 0.3166391 0.3887767703125 0.31283158125 0.4139353203125 0.341511659375 0.4166319203125 0.3453191765625 0.391473371875 0.3166391 0.3887767703125
0 0.58389238125 0.8146091078125 0.575995309375 0.8667898031249999 0.6523213234374999 0.8739662390625 0.6602183968750001 0.8217855421875001 0.58389238125 0.8146091078125
0 0.33282629375 0.36241955937500003 0.3270445078125 0.40062328125 0.371452371875 0.4047986609375 0.37723415781249997 0.36659493906249996 0.33282629375 0.36241955937500003
0 0.48135192812499994 0.8380449046875 0.47733288281249997 0.8646011515625001 0.513876853125 0.8680371421874999 0.5178959 0.8414808953125 0.48135192812499994 0.8380449046875
0 0.6532699078124999 0.942099546875 0.649180353125 0.96912169375 0.6843365765625 0.9724272031250001 0.6884261328125 0.94540505625 0.6532699078124999 0.942099546875
0 0 0.7308852906250001 0.566452115625 0.7841450703125 0.6593132359375 0.17055600937499998 0.08386134375 0.1164500390625 0 0.670572184375 0 0.7308852906250001
2 0.198198125 0.1328707203125 0.1842372265625 0.225118734375 0.299882703125 0.2359921203125 0.3138436 0.14374410625 0.198198125 0.1328707203125