1 1 0.5378482078125 0.9840609078125 0.08066995 0 0.069200740625 0 0.5087275359375 0.0171277546875 1 1 1 1 0.5378482078125
0 0.732305778125 0.6961214 0.6998870609375001 0.6957435624999999 0.701058184375 0.7293347125 0.7334769031249999 0.7297125515625 0.732305778125 0.6961214
0 0.309508503125 0.2837866890625 0.269264578125 0.2833176484375 0.2702990703125 0.3129898296875 0.31054299687500003 0.313458871875 0.309508503125 0.2837866890625
0 0.9344977828125 0.6302036921874999 0.9076684984375 0.629890996875 0.9085273234375 0.6545245078125 0.9353566062500001 0.6548372031249999 0.9344977828125 0.6302036921874999
0 0.7880741265625 0.6290567515625 0.7618037875 0.628750571875 0.7626235734375 0.652264378125 0.7888939140625 0.6525705578125 0.7880741265625 0.6290567515625
0 0.29447207343750004 0.5415985765625 0.26149441093750003 0.5412142234374999 0.2625679421875 0.5720061109375 0.295545603125 0.5723904656250001 0.29447207343750004 0.5415985765625
0 0.61270965 0.8234412671875001 0.5814088171875 0.8230764562499999 0.5824237921875 0.8521887859374999 0.6137246234375 0.8525535968750001 0.61270965 0.8234412671875001
0 0.5092039609375 0.72318128125 0.4728726390625 0.7227578390625 0.4738876140625 0.7518701703125 0.5102189359375 0.752293609375 0.5092039609375 0.72318128125
0 0.6044922390624999 0.41146147343750006 0.570396690625 0.41106409062499993 0.5714116640625 0.4401764234375 0.6055072125 0.4405738046875 0.6044922390624999 0.41146147343750006
0 0.75598193125 0.846376853125 0.729152646875 0.84606415625 0.730070028125 0.8723772265624999 0.7568993125000001 0.8726899203125 0.75598193125 0.846376853125
0 0.9311548078125 0.9189312421875 0.9060023546875 0.9186380890624999 0.9069392531249999 0.9455110124999999 0.9320917062499999 0.9458041625 0.9311548078125 0.9189312421875
0 0.9708024390625001 0.2612743046875 0.21343411093750003 0.2524471921875 0.23525605624999998 0.8783623046875 0.9926243843749999 0.8871894171875001 0.9708024390625001 0.2612743046875
0 0.795310234375 0.6923787156250001 0.6947004203125 0.6912061109375001 0.698799353125 0.8087751390625 0.79940916875 0.8099477437499999 0.795310234375 0.6923787156250001
0 0.73875935625 0.6889214921875 0.6918081093749999 0.6883742765624999 0.6934867203125 0.7365215921875 0.7404379671875 0.737068809375 0.73875935625 0.6889214921875