1 0.9947368421875 0.006578946875 0.00394736875 0.006578946875 0.00394736875 0.9947368421875 0.9947368421875 0.9947368421875 0.9947368421875 0.006578946875
0 0.453070175 0.4153508765625 0.4201754390625 0.4153508765625 0.4201754390625 0.453070175 0.453070175 0.453070175 0.453070175 0.4153508765625
0 0.41491228125 0.768421053125 0.3859649125 0.768421053125 0.3859649125 0.8026315796875 0.41491228125 0.8026315796875 0.41491228125 0.768421053125
0 0.44429824531250006 0.7978070171875 0.41798245625 0.7978070171875 0.41798245625 0.83508771875 0.44429824531250006 0.83508771875 0.44429824531250006 0.7978070171875
0 0.34517543906250003 0.8131578953125 0.31491228125 0.8131578953125 0.31491228125 0.8421052625 0.34517543906250003 0.8421052625 0.34517543906250003 0.8131578953125
0 0.40043859687500005 0.45921052656250005 0.36666666718749996 0.45921052656250005 0.36666666718749996 0.500438596875 0.40043859687500005 0.500438596875 0.40043859687500005 0.45921052656250005
0 0.296929825 0.653508771875 0.2688596484375 0.653508771875 0.2688596484375 0.6907894734375 0.296929825 0.6907894734375 0.296929825 0.653508771875
0 0.43991228125 0.9635964906250001 0.41315789531249997 0.9635964906250001 0.41315789531249997 0.9903508765625 0.43991228125 0.9903508765625 0.43991228125 0.9635964906250001
0 0.106578946875 0.3372807015625 0.0763157890625 0.3372807015625 0.0763157890625 0.379385965625 0.106578946875 0.379385965625 0.106578946875 0.3372807015625
0 0.7381578953125 0.8372807015625 0.7092105265625 0.8372807015625 0.7092105265625 0.8688596484375 0.7381578953125 0.8688596484375 0.7381578953125 0.8372807015625
0 0.7333333328125 0.8662280703125 0.7061403515625 0.8662280703125 0.7061403515625 0.89912280625 0.7333333328125 0.89912280625 0.7333333328125 0.8662280703125
0 0.8 0.7342105265625001 0.6578947375 0.7342105265625001 0.6578947375 0.900438596875 0.8 0.900438596875 0.8 0.7342105265625001
0 0.8521929828125 0.9785087718750001 0.8017543859374999 0.9785087718750001 0.8017543859374999 0.9982456140625 0.8521929828125 0.9982456140625 0.8521929828125 0.9785087718750001
0 0.5732456140625 0.67105263125 0.549561403125 0.67105263125 0.549561403125 0.6982456140625 0.5732456140625 0.6982456140625 0.5732456140625 0.67105263125
0 0.2013157890625 0.3157894734375 0.1521929828125 0.3157894734375 0.1521929828125 0.3881578953125 0.2013157890625 0.3881578953125 0.2013157890625 0.3157894734375
0 0.59912280625 0.6447368421874999 0.5631578953124999 0.6447368421874999 0.5631578953124999 0.6868421046875001 0.59912280625 0.6868421046875001 0.59912280625 0.6447368421874999
0 0.170614034375 0.44605263125 0.145614034375 0.44605263125 0.145614034375 0.4807017546875 0.170614034375 0.4807017546875 0.170614034375 0.44605263125
0 0.0890350875 0.271929825 0.063596490625 0.271929825 0.063596490625 0.3052631578125 0.0890350875 0.3052631578125 0.0890350875 0.271929825
0 0.8057017546875 0.4087719296875 0.22807017499999999 0.4087719296875 0.22807017499999999 0.954385965625 0.8057017546875 0.954385965625 0.8057017546875 0.4087719296875
2 0.8004385968750001 0.735526315625 0.713596490625 0.735526315625 0.713596490625 0.8451754390625 0.8004385968750001 0.8451754390625 0.8004385968750001 0.735526315625