1 0 0.8803811218750001 0.9846406906249999 0.9090312390624999 0.9971865187500001 0.1902812390625 0 0.161266075 0 0.8803811218750001
0 0.15604530156250002 0.2990978765625 0.1554137046875 0.3352820859375 0.20146633593750002 0.33662208125 0.20209793281250002 0.300437871875 0.15604530156250002 0.2990978765625
0 0.304822640625 0.637478009375 0.304248459375 0.670372746875 0.3568800390625 0.67190416875 0.3574542203125 0.63900943125 0.304822640625 0.637478009375
0 0.8406947875 0.3881331734375 0.8401206078125 0.42102791093749997 0.8894627140625 0.42246362031249995 0.89003689375 0.3895688828125 0.8406947875 0.3881331734375
0 0.29667675937500004 0.5385066562499999 0.294322621875 0.6733750781250001 0.371625253125 0.6756243546875 0.373979390625 0.5407559328125 0.29667675937500004 0.5385066562499999
0 0.30066357187500004 0.59292654375 0.30008939218749997 0.6258212796875 0.3658788671875 0.6277355578125 0.366453046875 0.594840821875 0.30066357187500004 0.59292654375
0 0.1769758609375 0.4198336625 0.17634426406249998 0.45601787343750005 0.22404163281249997 0.4574057265625 0.22467322968749998 0.421221515625 0.1769758609375 0.4198336625
0 0.3384471625 0.4080762765625 0.33778685625 0.4459052234375 0.3953526453125 0.44758021562500006 0.3960129515625 0.40975126875 0.3384471625 0.4080762765625
0 0.0934637640625 0.6790496874999999 0.0929757109375 0.7070102140625 0.13738360624999998 0.7083023515625 0.137871659375 0.680341825 0.0934637640625 0.6790496874999999
0 0.09566603125 0.45860709218749995 0.09509185 0.4915018296875 0.1592365875 0.49336825156249997 0.15981076875 0.46047351406250003 0.09566603125 0.45860709218749995
0 0.0543012890625 0.28297285 0.046779534375 0.713893903125 0.3921742703125 0.7239438640625 0.399696025 0.2930228109375 0.0543012890625 0.28297285
0 0.146320425 0.29058704999999996 0.145373028125 0.34486336562500003 0.2111625015625 0.34677764375 0.2121098984375 0.292501328125 0.146320425 0.29058704999999996
0 0.057562054687499996 0.28471330156249997 0.0500690078125 0.7139896171875 0.20631900781249998 0.7185360281250001 0.21381205468750003 0.2892597125 0.057562054687499996 0.28471330156249997