1 0 0 0 0.999492109375 0.886918596875 0.9840108875 0.9155503890625001 0 0 0
0 0.5700459625 0.60301958125 0.5153584625 0.6039741546874999 0.5122896359375 0.7094429046874999 0.5669771359375 0.70848833125 0.5700459625 0.60301958125
0 0.708505546875 0.4737141125 0.683114921875 0.4741573078125 0.6823761296875 0.4995479328125 0.7077667546875 0.4991047375 0.708505546875 0.4737141125
0 0.6838804859375001 0.716208440625 0.6428648609375001 0.7169243703125 0.64144410625 0.7657524953125 0.68245973125 0.765036565625 0.6838804859375001 0.716208440625
0 0.8399482515625 0.31720126249999997 0.7950263765625001 0.317985378125 0.793094153125 0.384391628125 0.838016028125 0.38360751249999997 0.8399482515625 0.31720126249999997
0 0 0 0 0.148362109375 0.126540284375 0.14615334062500002 0.1307929125 0 0 0
0 0.6716084625 0.6012468015625 0.5915303375 0.6026445703125 0.588859321875 0.6944414453125 0.668937446875 0.6930436765625 0.6716084625 0.6012468015625
0 0.2937610859375 0.5043791015625 0.2410267109375 0.5052995828125 0.2394354671875 0.5599870828125 0.2921698421875 0.5590666015625 0.2937610859375 0.5043791015625
0 0.09187460625 0.06281671250000001 0.07039023125 0.0631917234375 0.06982192968749999 0.0827229734375 0.09130630468749999 0.08234796250000001 0.09187460625 0.06281671250000001
0 0.7391186734375 0.09251381875 0.7098217984375 0.0930251984375 0.708628365625 0.13404082343749998 0.737925240625 0.13352944375 0.7391186734375 0.09251381875
0 0.7797991875 0.3045862375 0.7505023125 0.3050976171875 0.7492520500000001 0.3480663671875 0.7785489250000001 0.3475549875 0.7797991875 0.3045862375
0 0.8347290375 0.1611217234375 0.7956665375 0.16180356093749998 0.794132125 0.2145379359375 0.833194625 0.21385609843750003 0.8347290375 0.1611217234375
0 0.7145922421875001 0.4657993375 0.6774828671875001 0.46644708437500004 0.6763462640625 0.505509584375 0.7134556390625 0.5048618375 0.7145922421875001 0.4657993375
0 0.866831490625 0.1312793765625 0.241831490625 0.1421887921875 0.23432991250000001 0.4000012921875 0.8593299125 0.3890918765625 0.866831490625 0.1312793765625
2 0.864707875 0.13717284375 0.665489125 0.14065022031250002 0.657987546875 0.3984627203125 0.857206296875 0.39498534375 0.864707875 0.13717284375