0 0.10396705312500001 0.040018290625 0.001801546875 0.0442131328125 0.0051939359375 0.1274683328125 0.1145622296875 0.1229777484375 0.10396705312500001 0.040018290625
0 0.2025145234375 0.7746089031250001 0.2079634703125 0.8172737671875 0.2644171234375 0.814955821875 0.258968175 0.77229095625 0.2025145234375 0.7746089031250001
0 0.4531072375 0.86677583125 0.46491329375 0.9592163703125 0.5331281234375 0.9564155171875001 0.5213220671875 0.863974978125 0.4531072375 0.86677583125
0 0.4759299921875 0.9158754390625001 0.481378940625 0.9585403031249999 0.5284236499999999 0.9566086796875 0.5229747015624999 0.9139438156249999 0.4759299921875 0.9158754390625001
0 0.36174229375 0.8919715078125 0.3671912421875 0.934636371875 0.418940421875 0.9325115875 0.41349147343750003 0.8898467234374999 0.36174229375 0.8919715078125
0 0.46016394531250004 0.8664860890625 0.46561289375000003 0.9091509515625 0.5220665437500001 0.90683300625 0.5166175953125001 0.8641681406249999 0.46016394531250004 0.8664860890625
0 0.3132781484375 0.8272458203124999 0.3193325359375 0.874651225 0.3734339515625 0.8724298609375 0.3673795640625 0.8250244531250001 0.3132781484375 0.8272458203124999
0 0.353102471875 0.8613511562499999 0.366119403125 0.9632727765625001 0.53548035625 0.9563189359375001 0.5224634234375001 0.8543973156250001 0.353102471875 0.8613511562499999
0 0.25181730625 0.8273866578125 0.26241248437500003 0.9103461171875 0.38237649218750003 0.9054204796875001 0.371781315625 0.8224610218749999 0.25181730625 0.8273866578125
0 0.159875971875 0.53332424375 0.21527361093750003 0.9670836984375001 0.9679889671874999 0.9361777421875 0.912591325 0.5024182890625 0.159875971875 0.53332424375
0 0.1915919828125 0.763143875 0.20006812499999999 0.8295114421875001 0.277691896875 0.826324265625 0.2692157546875 0.7599567 0.1915919828125 0.763143875
2 0.7420890140624999 0.5189497890625 0.7566195421875 0.6327227625 0.921276025 0.625962084375 0.9067454953125 0.5121891109375001 0.7420890140624999 0.5189497890625