0 0.31340537031250004 0.303697153125 0.3255561375 0.35210225156249997 0.378527946875 0.337346078125 0.3663771796875 0.28894098125 0.31340537031250004 0.303697153125
0 0.39487089218750004 0.45663887968749994 0.4091348375 0.5134622546875 0.47058213593750003 0.49634509375 0.45631819062499995 0.43952171875 0.39487089218750004 0.45663887968749994
0 0.242408909375 0.3459917359375 0.2535030875 0.39018769375 0.3043560234375 0.37602176875 0.2932618453125 0.33182581093749997 0.242408909375 0.3459917359375
0 0.5327456781250001 0.1840511921875 0.5517642703125001 0.259815690625 0.628043675 0.23856680312499998 0.60902508125 0.162802303125 0.5327456781250001 0.1840511921875
0 0.3589184109375 0.3585707796875 0.37159747187500003 0.409080446875 0.42668815000000004 0.393734028125 0.4140090890625 0.3432243609375 0.3589184109375 0.3585707796875
0 0.1935495453125 0.5577549546875 0.204643721875 0.6019509125 0.263972146875 0.5854240015625 0.25287796875 0.54122804375 0.1935495453125 0.5577549546875
0 0.6264986593749999 0.1691934234375 0.6465738390625 0.2491670609375 0.7461608390625 0.22142545781249998 0.726085659375 0.1414518203125 0.6264986593749999 0.1691934234375
0 0.082340071875 0.5391960296875 0.09607572187499999 0.5939148359375 0.14904752968749999 0.579158665625 0.1353118796875 0.5244398578125 0.082340071875 0.5391960296875
0 0.6666718015625 0.2931066 0.6772376859375 0.335197990625 0.71961513125 0.3233930546875 0.709049246875 0.2813016640625 0.6666718015625 0.2931066
0 0.25342335 0.5163070390625 0.26240435156249997 0.5520847203125 0.3047817984375 0.54027978125 0.29580079531250003 0.5045021000000001 0.25342335 0.5163070390625
0 0.72228508125 0.2888732765625 0.733907553125 0.3351738046875 0.7826416187499999 0.3215981265625 0.7710191453124999 0.2752975984375 0.72228508125 0.2888732765625
0 0.0452683484375 0.5360125640625 0.0706264703125 0.6370318984375001 0.4795688328125 0.5231142515625 0.45421071093750004 0.4220949171875 0.0452683484375 0.5360125640625
0 0.006596359374999999 0.377905196875 0.0068417468750000005 0.391963446875 0.0695641875 0.64183128125 0.48062542031250005 0.5273233875 0.41458864531249995 0.264252209375 0.006596359374999999 0.377905196875
0 0.3097016171875 0.297973690625 0.36834227343750003 0.5315808984375 0.47216701875 0.5026588015625 0.41352636093750006 0.2690515953125 0.3097016171875 0.297973690625
0 0.0057358515625 0.328606746875 0.007180590624999999 0.4113757234375 0.0642698546875 0.6388026375 0.9647905984375 0.387947715625 0.8881879359375 0.082785146875 0.0057358515625 0.328606746875