0 0.036063996875 0.1983121125 0.0461778453125 0.19960249218749998 0.0488999625 0.10685550937499999 0.038786115625 0.10556512968750001 0.036063996875 0.1983121125
0 0.5348948578125 0.669557653125 0.5334234437500001 0.7196911578125 0.6168626890625 0.7303367890625 0.618334103125 0.680203284375 0.5348948578125 0.669557653125
0 0.027850203125 0.4781695265625 0.034398840624999996 0.59060529375 0.2167500734375 0.61387065 0.22234145 0.42336333593750003 0.030178339062499997 0.39884612656249996 0.027850203125 0.4781695265625
0 0.59552383125 0.506200828125 0.594273128125 0.5488143062499999 0.6751839125 0.55913734375 0.6764346156250001 0.5165238624999999 0.59552383125 0.506200828125
0 0.17573742812499998 0.02239565 0.167791790625 0.293116571875 0.47373568906249997 0.33215054843749997 0.4816813265625 0.0614296296875 0.17573742812499998 0.02239565
0 0.0390685421875 0.5282995359375 0.0382592640625 0.5558729625 0.0660723453125 0.5594215046875 0.06688162343750001 0.531848078125 0.0390685421875 0.5282995359375
0 0.163369946875 0.184361753125 0.1599856921875 0.299668809375 0.286408790625 0.3157985546875 0.28979304375 0.20049149531250002 0.163369946875 0.184361753125
0 0.09749039375 0.44014296562500005 0.0963132609375 0.48024976875 0.14182557812500002 0.4860564765625 0.14300270937499998 0.44594967343749997 0.09749039375 0.44014296562500005
0 0.482906765625 0.019676942187499998 0.0418344125 0.001704621875 0.027850203125 0.47816952500000004 0.035137046875 0.6032797859375 0.46417149375 0.6580183234375 0.482906765625 0.019676942187499998
0 0.027850203125 0.4781695265625 0.0345464828125 0.593140190625 0.2571318953125 0.62153884375 0.2689767828125 0.21796413750000002 0.03635828125 0.188285409375 0.027850203125 0.4781695265625
2 0.1804806140625 0.2066733171875 0.178494203125 0.27435354843750004 0.266990371875 0.28564436875 0.2689767828125 0.21796413750000002 0.1804806140625 0.2066733171875