1 0.06479963125 0 0 0.3984767796875 0 0.8882598484375 0.7847780046875 0.9576517234375 0.9113681124999999 0.9510174171875001 0.9875485890625001 0.4825556296875 0.9980654203125001 0.030709637499999998 0.6507589296875 0 0.06479963125 0
0 0.656696109375 0.536987628125 0.6485442578125 0.5871163640625 0.7254233859375 0.59391419375 0.7335752375 0.543785459375 0.656696109375 0.536987628125
0 0.6749109171875001 0.734368953125 0.66757425 0.7794848156249999 0.7394934328125 0.785844075 0.7468301 0.7407282140625 0.6749109171875001 0.734368953125
0 0.62550176875 0.2647267921875 0.6202030656249999 0.2973104671875 0.682202359375 0.3027925890625 0.6875010640625 0.2702089109375 0.62550176875 0.2647267921875
0 0.1067112375 0.19088689375 0.09978216250000001 0.23349631875000001 0.1568215140625 0.23853986875 0.1637505875 0.19593044375 0.1067112375 0.19088689375
0 0.6085097390625 0.0598261546875 0.6019882578125 0.0999291453125 0.6491077234375 0.10409555468750001 0.6556292046875 0.0639925671875 0.6085097390625 0.0598261546875
0 0.564603796875 0.7474976390625 0.5572671312499999 0.7926135000000001 0.646546115625 0.800507753125 0.6538827828125 0.755391890625 0.564603796875 0.7474976390625
0 0.6672246859375 0.44130446250000005 0.6427691296875 0.5916906671875 0.7568478328125 0.6017777671875 0.7813033875000001 0.45139156406250003 0.6672246859375 0.44130446250000005
0 0.56660734375 0.7197075500000001 0.5543795640625 0.7949006515625 0.7378974796875 0.8111277265625001 0.75012525625 0.735934625 0.56660734375 0.7197075500000001
0 0.5018021187499999 0.0198811 0.3770787890625 0.7868507421875 0.7416346453125 0.8190856078125 0.866357975 0.0521159640625 0.5018021187499999 0.0198811
0 0.5146784046875 0.048986896875000005 0.510602478125 0.0740512640625 0.5428421109375 0.076901965625 0.5469180375 0.0518375984375 0.5146784046875 0.048986896875000005