1 0.08736740468750001 0 0.0052578140624999995 0.451855478125 0.0106140375 0.9121681921875 0.46349152968749996 0.9868523484375 0.8933947921875 0.974343440625 1 0.38768667031250004 1 0.058566239062500004 0.644859996875 0 0.08736740468750001 0
0 0.5599941703125 0.270546321875 0.5509579 0.3202736296875 0.6170372046875 0.3311707875 0.626073478125 0.28144347812500004 0.5599941703125 0.270546321875
0 0.2853189203125 0.58566886875 0.2715971734375 0.6611807078124999 0.3376764796875 0.672077865625 0.3513982265625 0.596566025 0.2853189203125 0.58566886875
0 0.3309933171875 0.6880482359375 0.31693689375 0.765401828125 0.38485173437500003 0.776601684375 0.3989081578125 0.69924809375 0.3309933171875 0.6880482359375
0 0.5133081609375 0.8603846140625 0.5029331828125 0.91747893125 0.556163734375 0.9262571953125001 0.5665387140625 0.8691628796875 0.5133081609375 0.8603846140625
0 0.7342145453125 0.612272778125 0.7261823046875 0.65647483125 0.7683996390625001 0.663436903125 0.7764318796875 0.6192348515625 0.7342145453125 0.612272778125
0 0.6755669375 0.758150578125 0.665191959375 0.8152448921875 0.7184225093750001 0.824023159375 0.7287974890625 0.7669288421875 0.6755669375 0.758150578125
0 0.44426862187499994 0.76173986875 0.43523235156249995 0.8114671765624999 0.4847918296875 0.81964004375 0.4938281015625 0.7699127359375 0.44426862187499994 0.76173986875
0 0.5546911999999999 0.19569099843749999 0.5473283125 0.236209546875 0.5932167203125001 0.2437770171875 0.600579609375 0.20325846875 0.5546911999999999 0.19569099843749999
0 0.686897878125 0.45650815937500006 0.67752693125 0.5080772171875 0.7234153375 0.5156446875 0.7327862859375001 0.464075628125 0.686897878125 0.45650815937500006
0 0.1279011921875 0.3491483046875 0.11819556718749999 0.4025591171875 0.17326165468750002 0.41164008125 0.182967278125 0.35822926875 0.1279011921875 0.3491483046875
0 0.6240239296875 0.3759526765625 0.6129795984374999 0.436730496875 0.6680456890625 0.4458114609375 0.6790900203125 0.385033640625 0.6240239296875 0.3759526765625
0 0.5098407265625 0.7858319890625001 0.50113913125 0.8337175468750001 0.5433564671875 0.8406796203125 0.5520580625 0.7927940625 0.5098407265625 0.7858319890625001
0 0.2495499953125 0.6992776640625 0.231142775 0.8005740328125001 0.328426196875 0.8166170703125 0.3468334171875 0.7153207015625 0.2495499953125 0.6992776640625
0 0.1068373 0.42344934843750004 0.0890994328125 0.5210622140625001 0.157014275 0.5322620687499999 0.1747521421875 0.4346492046875 0.1068373 0.42344934843750004
0 0.6221365375000001 0.47997333593749997 0.6124309125 0.5333841484375 0.667497 0.5424651125 0.677202625 0.4890543 0.6221365375000001 0.47997333593749997
0 0.48169397812500003 0.33730545312500004 0.4719883546875 0.390716265625 0.5215478328125001 0.3988891328125 0.5312534578125 0.345478321875 0.48169397812500003 0.33730545312500004
0 0.410618053125 0.97813296875 0.42567850468749996 0.895254121875 0.3412438375 0.8813299765625 0.3261833828125 0.964208821875 0.410618053125 0.97813296875