1 1 0.112661553125 0.024216953125 0.055932496875 0.0141675484375 0.48690704531250006 0.0283545390625 0.9744822828125 0.46727874375 1 1 1 1 0.112661553125
0 0.74381175625 0.24306964375 0.7463381375 0.134724290625 0.6125968328125 0.12694897656249998 0.610070453125 0.23529433281249998 0.74381175625 0.24306964375
0 0.5468209390625 0.6171520875 0.548039015625 0.56491415 0.47826094531249996 0.560857465625 0.47704286875 0.613095403125 0.5468209390625 0.6171520875
0 0.51801580625 0.6871598125 0.5191887703125 0.6368566125 0.4087068234375 0.630433528125 0.4075338609375 0.6807367281250001 0.51801580625 0.6871598125
0 0.5544838328125 0.621472309375 0.55908545625 0.42412898437499996 0.4137144734375 0.415677559375 0.40911285 0.6130208828125 0.5544838328125 0.621472309375
0 0.6809312578125 0.1929172921875 0.6822846765625 0.13487513906249998 0.6338276828125 0.132057996875 0.6324742640625 0.19010015 0.6809312578125 0.1929172921875
0 0.7843770484375 0.41785313906250005 0.785504896875 0.3694846765625 0.72347994375 0.36587873437499996 0.72235209375 0.414247196875 0.7843770484375 0.41785313906250005
0 0.7683713140624999 0.6048466546875 0.7691833640625 0.5700213640625 0.711034971875 0.5666407921875 0.710222921875 0.6014660859375 0.7683713140624999 0.6048466546875
0 0.95869174375 0.1838797453125 0.9594586812499999 0.150989190625 0.9226313671874999 0.1488481640625 0.9218644296875 0.181738715625 0.95869174375 0.1838797453125
0 0.8493811421874999 0.2104599015625 0.8505541046875 0.16015669999999999 0.7885291515625 0.15655075937500001 0.7873561890625 0.20685396093750003 0.8493811421874999 0.2104599015625
0 0.731593975 0.3508515703125 0.732676709375 0.304417846875 0.6667751984375 0.30058653281250003 0.6656924625 0.34702025625 0.731593975 0.3508515703125
0 0.9780648203125001 0.6848452421875 0.9906065015625 0.146987946875 0.0854298515625 0.0943637328125 0.0728881703125 0.632221028125 0.9780648203125001 0.6848452421875