0 0.2151961 0.228754109375 0.1774414875 0.232924071875 0.1798609140625 0.2704946953125 0.21761552499999998 0.26632473437500004 0.2151961 0.228754109375
0 0.620455640625 0.6174089140625 0.5809849093749999 0.62176841875 0.58373425625 0.6644623109375 0.6232049890625 0.6601028062500001 0.620455640625 0.6174089140625
0 0.8506763312500001 0.7570918640625 0.8043411265625 0.7622095421874999 0.8076403437499999 0.813442209375 0.8539755484375 0.80832453125 0.8506763312500001 0.7570918640625
0 0.45544483125 0.6046759640625 0.42112245625 0.6084668375 0.4234319078125 0.6443297046875001 0.45775428281249997 0.64053883125 0.45544483125 0.6046759640625
0 0.3446465140625 0.548117446875 0.30689190312500003 0.552287409375 0.30964125 0.5949812984375 0.347395859375 0.5908113375 0.3446465140625 0.548117446875
0 0.622506940625 0.3540373265625 0.5881845671875 0.35782820000000004 0.5906039937500001 0.39539882187500003 0.6249263671875 0.3916079484375 0.622506940625 0.3540373265625
0 0.601936565625 0.3029923375 0.5693303078125 0.3065936671875 0.571749734375 0.3441642921875 0.604355990625 0.3405629609375 0.601936565625 0.3029923375
0 0.569020803125 0.3823035453125 0.5381306671874999 0.3857153328125 0.5402201703125 0.418162690625 0.5711103078125 0.414750903125 0.569020803125 0.3823035453125
0 0.9033926546875 0.7168713531249999 0.7952771734375 0.728812603125 0.8011057890625001 0.8193236515625 0.9092212703125 0.8073824000000001 0.9033926546875 0.7168713531249999
0 0.90189648125 0.7204764078125 0.8675741078125 0.7242672812500001 0.869883559375 0.76013015 0.904205934375 0.756339275 0.90189648125 0.7204764078125
0 0.552522090625 0.26029286093750004 0.5267803093750001 0.263136015625 0.5288698125 0.2955833734375 0.55461159375 0.2927402171875 0.552522090625 0.26029286093750004
0 0.6273484234375 0.295025915625 0.52952965625 0.30582990468750004 0.5375577500000001 0.430496065625 0.6353765171875 0.41969207500000005 0.6273484234375 0.295025915625
0 0.81600625 0.54077366875 0.77996775625 0.5447540875 0.7821672328125 0.5789091984375 0.8182057281249999 0.57492878125 0.81600625 0.54077366875
0 0.42237300156249996 0.7889184390625 0.376037796875 0.7940361171875 0.3792270390625 0.8435610312499999 0.42556224374999996 0.838443353125 0.42237300156249996 0.7889184390625
0 0.9223977187499999 0.931479928125 0.8919349546875001 0.4584316234375 0.2775644453125 0.5262882609374999 0.3079393 0.997971403125 0.32107947812500004 0.99789495625 0.9223977187499999 0.931479928125
0 0.63113363125 0.246450584375 0.4818313015625 0.2629408828125 0.49348853281249994 0.4439629796875 0.6427908625 0.427472678125 0.63113363125 0.246450584375
0 0.23468978593749998 0.20940203125 0.1540322046875 0.2183105828125 0.15887105625 0.2934518296875 0.2395286359375 0.284543278125 0.23468978593749998 0.20940203125
0 0.6284863640625 0.6079224187500001 0.568422209375 0.614556446875 0.5726012171875 0.6794511609375 0.632665371875 0.67281713125 0.6284863640625 0.6079224187500001
0 0.4730024484375 0.5820979171875 0.3957771078125 0.5906273828125 0.4009458796875 0.6708918953125 0.4781712234375 0.6623624296874999 0.4730024484375 0.5820979171875
2 0.7538677453125 0.8640987984375 0.678358521875 0.8724387203124999 0.68352729375 0.9527032343749999 0.7590365171875 0.9443633109375 0.7538677453125 0.8640987984375