1 0.5382585062499999 0 0 0.08124532031250001 0 0.9428960890625 0.0032222296875 0.997680621875 0.47962814218750005 0.975491659375 0.9557436296875 0.9036262734375 0.9779325921875 0.42722035781249995 0.9528050234375 0 0.5382585062499999 0
0 0.2336493953125 0.2749195390625 0.231239515625 0.2339466265625 0.1834979359375 0.2411527921875 0.185907815625 0.282125703125 0.2336493953125 0.2749195390625
0 0.900363121875 0.1456673578125 0.893504234375 0.0290521484375 0.7661933578125 0.0482685890625 0.7730522453125 0.1648838 0.900363121875 0.1456673578125
0 0.7489197234375 0 0.734582403125 0.002164090625 0.7369922843750001 0.043136999999999995 0.7847338609375 0.0359308359375 0.7826205390625 0 0.7489197234375 0
0 0.5204950703125 0.8389536906249999 0.5180851921875 0.797980778125 0.454429753125 0.8075889999999999 0.4568396328125 0.8485619109375 0.5204950703125 0.8389536906249999
0 0.7814509765625 0.8536203578125001 0.7790410984375 0.812647446875 0.721751203125 0.82129484375 0.7241610828125 0.8622677578125 0.7814509765625 0.8536203578125001
0 0.549479378125 0.8949938890625001 0.543176615625 0.787833965625 0.4413279140625 0.8032071203125 0.447630675 0.9103670421875 0.549479378125 0.8949938890625001
0 0.17935095625 0.93496275625 0.1767557015625 0.8908380828125001 0.129014121875 0.8980442468750001 0.131609378125 0.9421689234375 0.17935095625 0.93496275625
0 0.1922674203125 0.936192875 0.186891534375 0.8447917640625 0.12323609531249999 0.8543999843750001 0.1286119796875 0.9458010953124999 0.1922674203125 0.936192875
0 0.24393921093749998 0.2860853546875 0.2402317046875 0.22305010625000002 0.17021072343750002 0.2336191484375 0.173918228125 0.296654396875 0.24393921093749998 0.2860853546875
0 0.7954483031249999 0.9278214234375 0.7837696546874999 0.729260390625 0.6914692703124999 0.7431923109375 0.703147915625 0.94175334375 0.7954483031249999 0.9278214234375