0 0.5513392859375 0.47098214218749995 0.5066964281249999 0.47098214218749995 0.5066964281249999 0.5223214281249999 0.5513392859375 0.5223214281249999 0.5513392859375 0.47098214218749995
0 0.6294642859375 0.171875 0.5825892859375 0.171875 0.5825892859375 0.2165178578125 0.6294642859375 0.2165178578125 0.6294642859375 0.171875
0 0.42633928593750003 0.6183035718750001 0.3883928578125 0.6183035718750001 0.3883928578125 0.6584821421875 0.42633928593750003 0.6584821421875 0.42633928593750003 0.6183035718750001
0 0.375 0.75 0.33705357187499996 0.75 0.33705357187499996 0.7924107140625 0.375 0.7924107140625 0.375 0.75
0 0.2522321421875 0.493303571875 0.2142857140625 0.493303571875 0.2142857140625 0.5446428578125 0.2522321421875 0.5446428578125 0.2522321421875 0.493303571875
0 0.7745535718750001 0.7477678578125 0.7433035718750001 0.7477678578125 0.7433035718750001 0.7901785718750001 0.7745535718750001 0.7901785718750001 0.7745535718750001 0.7477678578125
0 0.7522321421875 0.6919642859375 0.7209821421875 0.6919642859375 0.7209821421875 0.7321428578125 0.7522321421875 0.7321428578125 0.7522321421875 0.6919642859375
0 0.7678571421875 0.38392857187499996 0.7388392859375 0.38392857187499996 0.7388392859375 0.41741071406249997 0.7678571421875 0.41741071406249997 0.7678571421875 0.38392857187499996
0 0.6941964281249999 0.7053571421875 0.6540178578125 0.7053571421875 0.6540178578125 0.75 0.6941964281249999 0.75 0.6941964281249999 0.7053571421875
0 0.7745535718750001 0.3616071421875 0.734375 0.3616071421875 0.734375 0.41964285781250005 0.7745535718750001 0.41964285781250005 0.7745535718750001 0.3616071421875
0 0.2633928578125 0.48214285781250005 0.2075892859375 0.48214285781250005 0.2075892859375 0.5535714281249999 0.2633928578125 0.5535714281249999 0.2633928578125 0.48214285781250005
0 0.6986607140625 0.165178571875 0.6674107140625 0.165178571875 0.6674107140625 0.2008928578125 0.6986607140625 0.2008928578125 0.6986607140625 0.165178571875
0 0.430803571875 0.609375 0.3303571421875 0.609375 0.3303571421875 0.796875 0.430803571875 0.796875 0.430803571875 0.609375
0 0.640625 0.1584821421875 0.5691964281249999 0.1584821421875 0.5691964281249999 0.22767857187499999 0.640625 0.22767857187499999 0.640625 0.1584821421875
0 0.43303571406249997 0.6071428578125 0.37946428593750003 0.6071428578125 0.37946428593750003 0.671875 0.43303571406249997 0.671875 0.43303571406249997 0.6071428578125
0 0.7075892859375 0.1428571421875 0.37946428593750003 0.1428571421875 0.37946428593750003 0.2299107140625 0.7075892859375 0.2299107140625 0.7075892859375 0.1428571421875
0 0.48214285781250005 0.125 0.359375 0.125 0.359375 0.2455357140625 0.48214285781250005 0.2455357140625 0.48214285781250005 0.125
0 0.7723214281249999 0.8258928578125 0.7410714281249999 0.8258928578125 0.7410714281249999 0.859375 0.7723214281249999 0.859375 0.7723214281249999 0.8258928578125
0 0.7745535718750001 0.22767857187499999 0.7388392859375 0.22767857187499999 0.7388392859375 0.27008928593750003 0.7745535718750001 0.27008928593750003 0.7745535718750001 0.22767857187499999
0 0.38392857187499996 0.7388392859375 0.328125 0.7388392859375 0.328125 0.8013392859374999 0.38392857187499996 0.8013392859374999 0.38392857187499996 0.7388392859375
2 0.462053571875 0.14508928593749998 0.38169642812500004 0.14508928593749998 0.38169642812500004 0.2299107140625 0.462053571875 0.2299107140625 0.462053571875 0.14508928593749998