0 0.25743809375 0.21768471093750003 0.32040631406250003 0.22693935937499998 0.331089215625 0.16172031250000002 0.268120996875 0.152465665625 0.25743809375 0.21768471093750003
0 0.3124505140625 0.3009078578125 0.4099496921875 0.3152376328125 0.423637159375 0.2316757296875 0.3261379828125 0.2173459546875 0.3124505140625 0.3009078578125
0 0.31912290312499997 0.1077825625 0.37802865625000004 0.1164401359375 0.385706990625 0.0695639453125 0.3268012375 0.06090637343750001 0.31912290312499997 0.1077825625
0 0.398185128125 0.5013530328125 0.455059646875 0.5097120687500001 0.46540870781250004 0.44653111718750005 0.4085341890625 0.43817208125 0.398185128125 0.5013530328125
0 0.4810428421875 0.325686428125 0.52369873125 0.3319557046875 0.534715471875 0.26469856406250003 0.4920595828125 0.2584292875 0.4810428421875 0.325686428125
0 0.33087698125 0.5185936234375 0.3877515015625 0.5269526578125 0.39743288125 0.4678478984375 0.34055836093749997 0.4594888640625 0.33087698125 0.5185936234375
0 0.4078338921875 0.277357771875 0.4565834796875 0.284522659375 0.46593101875 0.2274559953125 0.41718142968749994 0.22029110625 0.4078338921875 0.277357771875
0 0.46439227499999997 0.8972084703125001 0.49892323125000004 0.9022835984375 0.512276859375 0.8207597921875 0.4777459015625 0.8156846640625 0.46439227499999997 0.8972084703125001
0 0.3661275734375 0.3922833859375 0.437220721875 0.4027321796875 0.4455667390625 0.3517798 0.37447359062499996 0.34133100625 0.3661275734375 0.3922833859375
0 0.3914104703125 0.0474434359375 0.42797266250000005 0.052817103125 0.432980271875 0.0222456734375 0.3964180796875 0.0168720078125 0.3914104703125 0.0474434359375
0 0.24508599062499997 0.29309423125 0.4096158515625 0.317275728125 0.432984696875 0.174609065625 0.2684548375 0.150427571875 0.24508599062499997 0.29309423125
0 0.4442507125 0.0677325046875 0.48487536875000004 0.0737032453125 0.49121834218749993 0.0349794375 0.4505936859375 0.0290086984375 0.4442507125 0.0677325046875
0 0.2951750578125 0 0.247117225 0.29339276875000003 0.4705528359375 0.3262318375 0.5209627765625 0.0184794671875 0.3952292765625 0 0.2951750578125 0
0 0.3072975359375 0.116480353125 0.3905780828125 0.12872036874999998 0.4015948234375 0.061463229687499996 0.3183142765625 0.0492232125 0.3072975359375 0.116480353125
0 0.213761346875 0.5097293953124999 0.4757903828125 0.5482406656250001 0.549903009375 0.0957835375 0.28787397187499997 0.057272265625 0.213761346875 0.5097293953124999