1 0.9833579171875 1 0.997794140625 0.17294937500000002 0 0.126476365625 0 1 0.9833579171875 1
0 0.31789391875 0.37498884062500004 0.370091721875 0.3774199921875 0.37124260468750003 0.31148592656249996 0.3190448015625 0.309054775 0.31789391875 0.37498884062500004
0 0.832349484375 0.3577077015625 0.8900417921875 0.3603947640625 0.8909529078125 0.3081969625 0.8332606 0.3055099 0.832349484375 0.3577077015625
0 0.5598717843750001 0.6887026265625 0.647783871875 0.692797196875 0.648982709375 0.624115878125 0.561070621875 0.6200213078125001 0.5598717843750001 0.6887026265625
0 0.889959790625 0.52261063125 0.953146603125 0.5255536046875 0.95405771875 0.4733558015625 0.89087090625 0.470412828125 0.889959790625 0.52261063125
0 0.4394923421875 0.3394100859375 0.5026791546875 0.342353059375 0.5036382234375 0.2874080046875 0.44045141093750007 0.28446503125 0.4394923421875 0.3394100859375
0 0.6785311390625 0.6639849250000001 0.766443228125 0.668079496875 0.767642065625 0.599398178125 0.6797299765625 0.59530360625 0.6785311390625 0.6639849250000001
0 0.7100178546875 0.27777388593749996 0.7539738984375 0.279821171875 0.7546932 0.23861238125 0.71073715625 0.23656509531249997 0.7100178546875 0.27777388593749996
0 0.23292089843750002 0.3600332140625 0.2741296890625 0.36195254375 0.274848990625 0.32074375312500003 0.23364020000000002 0.3188244234375 0.23292089843750002 0.3600332140625
0 0.27474684531250004 0.7991495984375 0.346175415625 0.8024764375 0.3472303921875 0.7420368765625 0.275801821875 0.7387100375 0.27474684531250004 0.7991495984375
0 0.7875441828125 0.5618323281250001 0.82325846875 0.5634957468749999 0.8239298171874999 0.5250342078125 0.78821553125 0.5233707890625 0.7875441828125 0.5618323281250001
0 0.5518899375 0.35839251875 0.6068349921875 0.3609516265625 0.6077940609375 0.306006571875 0.55284900625 0.3034474640625 0.5518899375 0.35839251875
0 0.671645984375 0.7433993437499999 0.7925251046875 0.7490293796875 0.7940596156249999 0.6611172921875 0.6731804953125 0.65548725625 0.671645984375 0.7433993437499999
0 0.5366532109375 0.28619621562500003 0.5915982671875 0.28875532187499997 0.5922216625 0.2530410359375 0.5372766062500001 0.2504819296875 0.5366532109375 0.28619621562500003
0 0.36036340624999996 0.4622009625 0.4180557140625 0.46488802500000004 0.41896682968750004 0.412690221875 0.36127452187500003 0.410003159375 0.36036340624999996 0.4622009625
0 0.20574375625000002 0.97190284375 0.2689305703125 0.9748458171875001 0.26988963906249996 0.9199007625 0.20670282499999998 0.9169577890625 0.20574375625000002 0.97190284375
0 0.075046653125 0.5836369453125 0.13548621249999998 0.5864519640625 0.13644528125 0.531506909375 0.076005721875 0.528691890625 0.075046653125 0.5836369453125
0 0.22439141875000002 0.376132865625 0.37549031875 0.383170409375 0.376833015625 0.3062473328125 0.22573411562499998 0.2992097890625 0.22439141875000002 0.376132865625
0 0.22453527968749998 0.3678911078125 0.279480334375 0.3704502140625 0.2804873578125 0.31275790625 0.22554230312499998 0.3101988 0.22453527968749998 0.3678911078125
0 0.7763633578125 0.5723095171875 0.8313084125 0.5748686234375 0.8322674828125001 0.51992356875 0.777322428125 0.5173644625 0.7763633578125 0.5723095171875
0 0.82112070625 0.37093214375 0.9007910359375 0.37464284999999997 0.9021337328125 0.2977197734375 0.822463403125 0.29400906718750003 0.82112070625 0.37093214375