1 0.8774504578125001 1 0.9005273656250001 0.9993293484375 0.8948276640625 0.020827345312500002 0.48690703593749995 0.0113328875 0 0.025483175000000004 0 1 0.8774504578125001 1
0 0.3547370421875 0.5691606046875 0.39455221093750004 0.5680035140624999 0.39420475312500003 0.508353509375 0.35438958593750003 0.5095106015625 0.3547370421875 0.5691606046875
0 0.40822780937500003 0.9624991250000001 0.4395111546875 0.9615899812500001 0.4392960640625 0.9246637890624999 0.40801271562499997 0.9255729328125 0.40822780937500003 0.9624991250000001
0 0.3312097703125 0.924963990625 0.365337059375 0.9239721984375 0.365088875 0.8813650531249999 0.3309615875 0.8823568453125 0.3312097703125 0.924963990625
0 0.1646893828125 0.6599124046875 0.2016606125 0.6588379640625 0.2014124296875 0.61623081875 0.1644412 0.6173052609375 0.1646893828125 0.6599124046875
0 0.6579485843749999 0.86149025625 0.6892319328125 0.8605811140625 0.6890002953125001 0.8208144453124999 0.657716946875 0.8217235875 0.6579485843749999 0.86149025625
0 0.22818262968749997 0.81716079375 0.26230991718749996 0.816169 0.262061734375 0.77356185625 0.22793444531249998 0.7745536484375 0.22818262968749997 0.81716079375
0 0.271305015625 0.8954543890625001 0.30827624375 0.8943799468750001 0.3079949703125 0.8460918484375 0.271023740625 0.8471662906249999 0.271305015625 0.8954543890625001
0 0.6269630562499999 0.9135279734375 0.66109034375 0.9125361812499999 0.66080906875 0.864248084375 0.626681784375 0.8652398765625 0.6269630562499999 0.9135279734375
0 0.2679812515625 0.8131632249999999 0.30210854062500003 0.81217143125 0.30187690312500004 0.7724047640625 0.26774961406250003 0.77339655625 0.2679812515625 0.8131632249999999
0 0.1877718203125 0.7160607359375 0.22758698906250002 0.71490364375 0.22733880625 0.6722965000000001 0.18752363593750002 0.673453590625 0.1877718203125 0.7160607359375
0 0.3088553390625 0.9937966171875001 0.35435839062499996 0.9924742265625 0.35401093281249996 0.9328242250000001 0.30850788281249997 0.9341466140625 0.3088553390625 0.9937966171875001
0 0.17275792968749998 0.5801311203124999 0.2097291578125 0.579056678125 0.20941479375 0.525087628125 0.17244356249999998 0.5261620703125 0.17275792968749998 0.5801311203124999
0 0.44166018124999995 0.8422073250000001 0.47863141093749995 0.8411328828125001 0.47831704531249997 0.7871638328125 0.44134581562499997 0.7882382734375 0.44166018124999995 0.8422073250000001
0 0.336219284375 0.8083391609374999 0.3731905140625 0.8072647187499999 0.372975421875 0.770338528125 0.3360041921875 0.7714129703125 0.336219284375 0.8083391609374999