1 0.327005259375 0 0.0024365765625 0.041834414062500005 0.0280887921875 0.4822659390625 0.10353922812500001 0.9981543343749999 0.5800738375 0.9787370375 1 0.9246117765624999 1 0.24699834531249998 0.96387565 0 0.327005259375 0
0 0.530084521875 0.2005078 0.4685668265625 0.208436959375 0.4810821265625 0.2940096640625 0.5425998234375 0.2860805046875 0.530084521875 0.2005078
0 0.142821425 0.36202090781249996 0.0915566765625 0.36862853906250004 0.10156891718750001 0.43708670312500003 0.152833665625 0.4304790703125 0.142821425 0.36202090781249996
0 0.5274081953125 0.1345915265625 0.43513165000000004 0.146485265625 0.4576591890625 0.3005161328125 0.549935734375 0.2886223953125 0.5274081953125 0.1345915265625
0 0.4937323078125 0.1424195234375 0.43563226093749996 0.14990817343750001 0.4451438890625 0.2149434296875 0.503243934375 0.20745477812500002 0.4937323078125 0.1424195234375
0 0.0919514625 0.20466829375 0.047522015625000004 0.21039490781249998 0.05603241875 0.268584346875 0.100461865625 0.2628577328125 0.0919514625 0.20466829375
0 0.29207177500000003 0.025427256250000002 0.28906810312500003 0.0048898078125 0.2514739546875 0.009735404687500001 0.2544776265625 0.0302728546875 0.29207177500000003 0.025427256250000002
0 0.160785878125 0.0562987359375 0.1557797578125 0.022069653124999998 0.11818561093749999 0.0269152515625 0.1231917296875 0.061144334375 0.160785878125 0.0562987359375
0 0.7549511046874999 0 0.7595484828125 0.031434328125 0.841572078125 0.020862115625 0.8385209218749999 0 0.7549511046874999 0
0 0.32700525156250004 0 0.0024365765625 0.0418344125 0.009653821875 0.1657497109375 0.12489535624999999 0.9537076546875 0.66488403125 0.8841072578125001 0.5355803296875 0 0.32700525156250004 0
0 0.32700524999999997 0 0.1113503109375 0.0277962671875 0.1574066140625 0.342703821875 0.5538539953125 0.2916047953125 0.5112058015625001 0 0.32700524999999997 0
0 0.1510719265625 0.347007746875 0.07930128125 0.35625843281249997 0.0933184171875 0.4520998625 0.1650890625 0.4428491765625 0.1510719265625 0.347007746875