1 0.14564831250000002 0 0.14564831250000002 0.9982238015625 0.9982238015625 0.9982238015625 0.9982238015625 0 0.14564831250000002 0
0 0.493783303125 0.6269982234375 0.4440497328125 0.6269982234375 0.4440497328125 0.722912965625 0.493783303125 0.722912965625 0.493783303125 0.6269982234375
0 0.34458259375 0.51154529375 0.3214920078125 0.51154529375 0.3214920078125 0.5346358796875 0.34458259375 0.5346358796875 0.34458259375 0.51154529375
0 0.374777975 0.7317939609375 0.337477796875 0.7317939609375 0.337477796875 0.776198934375 0.374777975 0.776198934375 0.374777975 0.7317939609375
0 0.2468916515625 0.3712255765625 0.20603907656249998 0.3712255765625 0.20603907656249998 0.43161634062500004 0.2468916515625 0.43161634062500004 0.2468916515625 0.3712255765625
0 0.859680284375 0 0.859680284375 0.204262878125 0.9982238015625 0.204262878125 0.9982238015625 0 0.859680284375 0
0 0.4245115453125 0.6269982234375 0.35168738906249997 0.6269982234375 0.35168738906249997 0.7104795734375 0.4245115453125 0.7104795734375 0.4245115453125 0.6269982234375
0 0.746003553125 0.5328596796875 0.69804618125 0.5328596796875 0.69804618125 0.5825932500000001 0.746003553125 0.5825932500000001 0.746003553125 0.5328596796875
0 0.9129662515625 0.1278863234375 0.8934280640625 0.1278863234375 0.8934280640625 0.14564831250000002 0.9129662515625 0.14564831250000002 0.9129662515625 0.1278863234375
0 0.3303730015625 0.1651865015625 0.30373001718750003 0.1651865015625 0.30373001718750003 0.202486678125 0.3303730015625 0.202486678125 0.3303730015625 0.1651865015625
0 0.287744228125 0.358792184375 0.26110124375 0.358792184375 0.26110124375 0.3978685609375 0.287744228125 0.3978685609375 0.287744228125 0.358792184375
0 0.98934280625 0 0.98934280625 0.0195381875 0.9982238015625 0.0195381875 0.9982238015625 0 0.98934280625 0
0 0.25044405 0.22912966250000003 0.2149200703125 0.22912966250000003 0.2149200703125 0.277087034375 0.25044405 0.277087034375 0.25044405 0.22912966250000003
0 0.349911190625 0.504440496875 0.3161634109375 0.504440496875 0.3161634109375 0.5399644765625 0.349911190625 0.5399644765625 0.349911190625 0.504440496875
0 0.754884546875 0.202486678125 0.1865008875 0.202486678125 0.1865008875 0.4369449375 0.754884546875 0.4369449375 0.754884546875 0.202486678125
2 0.369449378125 0.20781527500000002 0.1882770875 0.20781527500000002 0.1882770875 0.44227353437500005 0.369449378125 0.44227353437500005 0.369449378125 0.20781527500000002