0 0.36686147812500003 0.474725790625 0.3549601390625 0.43539730781249997 0.31603261250000003 0.44569048906250003 0.3279339515625 0.4850189734375 0.36686147812500003 0.474725790625
0 0.38507320312500004 0.4168159796875 0.374361996875 0.3814203421875 0.329595340625 0.3932575046875 0.340306546875 0.428653140625 0.38507320312500004 0.4168159796875
0 0.52895614375 0.46159765625000004 0.5170548046875 0.422269171875 0.47228814999999996 0.43410633125000003 0.48418948906250003 0.473434815625 0.52895614375 0.46159765625000004
0 0.3205081609375 0.370175071875 0.312177225 0.342645134375 0.279088828125 0.351394340625 0.287419765625 0.378924278125 0.3205081609375 0.370175071875
0 0.2879155625 0.43613500624999996 0.27541915625 0.394840096875 0.232598878125 0.4061625984375 0.245095284375 0.44745750781250004 0.2879155625 0.43613500624999996
0 0.43947246875 0.457649825 0.42162046093749994 0.3986571 0.37880018125000003 0.40997960000000006 0.396652190625 0.4689723265625 0.43947246875 0.457649825
0 0.49268105 0.8279830640625001 0.48077971093749994 0.7886545796875 0.4243347984375 0.8035796953125001 0.4362361375 0.8429081796875 0.49268105 0.8279830640625001
0 0.3609481734375 0.350986875 0.3538073703125 0.3273897828125 0.330450853125 0.33356569375 0.33759165625 0.357162784375 0.3609481734375 0.350986875
0 0.7053692265625 0.7250212687500001 0.694658021875 0.6896256328125 0.6596232484375 0.698889496875 0.670334453125 0.7342851328125 0.7053692265625 0.7250212687500001
0 0.37956869375 0.48198461562499995 0.36290681875 0.4269247390625 0.3064619078125 0.441849853125 0.3231237828125 0.49690973125 0.37956869375 0.48198461562499995
0 0.4173311796875 0.2872313890625 0.40602490781249995 0.249869328125 0.36709738125 0.2601625109375 0.3784036546875 0.2975245703125 0.4173311796875 0.2872313890625
0 0.874455790625 0.818356678125 0.6483303499999999 0.07111547968750001 0.157843525 0.2008095890625 0.383968965625 0.9480507859375 0.874455790625 0.818356678125
0 0.298676403125 0.443908490625 0.2802293265625 0.3829493390625 0.22183803750000003 0.3983891140625 0.24028511406250003 0.459348265625 0.298676403125 0.443908490625
0 0.571020178125 0.45472266093749997 0.5174641531249999 0.2777444828125 0.21772220312499999 0.35700199375 0.2712782296875 0.533980171875 0.571020178125 0.45472266093749997
2 0.6129230406249999 0.4542616 0.5064060546875 0.10227166562500001 0.1580046984375 0.19439565625 0.2645216828125 0.5463855890625 0.6129230406249999 0.4542616