0 0.3636034796875 0.3870216921875 0.3710675984375 0.43581056093750004 0.41901617187499995 0.4276732734375 0.411552053125 0.378884403125 0.3636034796875 0.3870216921875
0 0.31187029375 0.42743361875 0.3201119265625 0.4813046609375 0.368740621875 0.4730519484375 0.360498990625 0.41918090625 0.31187029375 0.42743361875
0 0.2354245859375 0.8057434421874999 0.244184559375 0.8630026000000001 0.2826114328125 0.8564812249999999 0.27385145781250003 0.7992220671875 0.2354245859375 0.8057434421874999
0 0.21778178124999997 0.40307869375000005 0.2237945453125 0.4423808375 0.2639217203125 0.43557090781249996 0.2579089578125 0.3962687640625 0.21778178124999997 0.40307869375000005
0 0.026264053125 0.53777775625 0.033987343749999996 0.588260684375 0.0843163421875 0.579719415625 0.076593053125 0.5292364875 0.026264053125 0.53777775625
0 0.7634999265625 0.198188103125 0.7729855765625 0.2601906234375 0.8284154890625001 0.2507836859375 0.8189298390624999 0.188781165625 0.7634999265625 0.198188103125
0 0.1640681234375 1 0.6111480171875 0.9241266593749999 0.5069095171875 0.24277654843750002 0 0.32880349999999997 0 0.423116565625 0.0882563359375 1 0.1640681234375 1
0 0.5274754828125 0.6873534234374999 0.5308965390625 0.7097149890625001 0.55470079375 0.7056751984375 0.5512797390624999 0.6833136343749999 0.5274754828125 0.6873534234374999
0 0.395564353125 0.9311663749999999 0.398467065625 0.9501398234374999 0.41887071249999996 0.9466771484375001 0.415968 0.9277036984375 0.395564353125 0.9311663749999999
0 0 0.398031034375 0.030263174999999996 0.595844871875 0.44241687812499997 0.5258988078125 0.406392134375 0.290424753125 0 0.3593930296875 0 0.398031034375
0 0.30315982343750003 0.39102255625 0.31746605156249996 0.48453455625 0.42832587499999997 0.46572068125 0.41401964687500004 0.37220868125 0.30315982343750003 0.39102255625
0 0.1028905515625 0.2929188390625 0.10942165468750001 0.33560909843750003 0.1519292578125 0.3283951890625 0.14539815312499998 0.2857049296875 0.1028905515625 0.2929188390625
0 0.01375246875 0.526691965625 0.025363321875 0.6025857625000001 0.09643603125 0.59052410625 0.0848251796875 0.514630309375 0.01375246875 0.526691965625
0 0.07223969999999999 0.4437684328125 0.0775267859375 0.4783272140625 0.1067720140625 0.47336404375 0.10148493125 0.4388052625 0.07223969999999999 0.4437684328125
0 0.22113180937500002 0.7966979765625 0.23320917031250002 0.8756410765625 0.2978207234375 0.8646759328125 0.2857433640625 0.7857328328125 0.22113180937500002 0.7966979765625
2 0.3970546296875 0.64900313125 0.4077324671875 0.7187983203125 0.4611220140625 0.70973765 0.45044417656249996 0.6399424609375 0.3970546296875 0.64900313125