1 0.0854271359375 0 0.0854271359375 0.9974874375 0.8618090453124999 0.9974874375 0.8618090453124999 0 0.0854271359375 0
0 0.5628140703125 0.3341708546875 0.5150753765625 0.3341708546875 0.5150753765625 0.4045226125 0.5628140703125 0.4045226125 0.5628140703125 0.3341708546875
0 0.3919597984375 0.8994974875 0.35175879375 0.8994974875 0.35175879375 0.9648241203125 0.3919597984375 0.9648241203125 0.3919597984375 0.8994974875
0 0.6331658296875 0.5929648234375 0.572864321875 0.5929648234375 0.572864321875 0.6984924625 0.6331658296875 0.6984924625 0.6331658296875 0.5929648234375
0 0.7085427140625 0 0.7085427140625 0.0402010046875 0.74623115625 0.0402010046875 0.74623115625 0 0.7085427140625 0
0 0.5 0.0678391953125 0.44221105468750005 0.0678391953125 0.44221105468750005 0.173366834375 0.5 0.173366834375 0.5 0.0678391953125
0 0.3115577890625 0.7135678390625 0.2587939703125 0.7135678390625 0.2587939703125 0.7587939703125001 0.3115577890625 0.7587939703125001 0.3115577890625 0.7135678390625
0 0.5628140703125 0.2386934671875 0.5150753765625 0.2386934671875 0.5150753765625 0.329145728125 0.5628140703125 0.329145728125 0.5628140703125 0.2386934671875
0 0.4120603015625 0.75125628125 0.3592964828125 0.75125628125 0.3592964828125 0.8391959796874999 0.4120603015625 0.8391959796874999 0.4120603015625 0.75125628125
0 0.7160804015625 0.575376884375 0.2663316578125 0.575376884375 0.2663316578125 0.731155778125 0.7160804015625 0.731155778125 0.7160804015625 0.575376884375
0 0.731155778125 0.570351759375 0.26381909531250003 0.570351759375 0.26381909531250003 0.9572864328125 0.731155778125 0.9572864328125 0.731155778125 0.570351759375