0 0.796481759375 0.63116941875 0.7350074953125 0.6195476656250001 0.72106961875 0.6853643390624999 0.782543884375 0.6969860921875 0.796481759375 0.63116941875
0 0.7930158359374999 0.305368896875 0.739738140625 0.2952967125 0.72667138125 0.35699984375 0.779949078125 0.36707202968749997 0.7930158359374999 0.305368896875
0 0.5587921640625 0.857901475 0.503465325 0.8474418968749999 0.4903985640625 0.9091450296874999 0.5457254046875 0.9196046078125001 0.5587921640625 0.857901475
0 0.7768412890625 0.5226398015625 0.7153670234375 0.51101805 0.7049136171875 0.560380553125 0.76638788125 0.57200230625 0.7768412890625 0.5226398015625
0 0.5471994437500001 0.6610505156250001 0.502118315625 0.652527896875 0.48818043906249997 0.718344571875 0.5332615671875 0.7268671906249999 0.5471994437500001 0.6610505156250001
0 0.842461821875 0.1221964625 0.7645944203124999 0.107475575 0.7449942828125 0.2000302734375 0.8228616843750001 0.214751159375 0.842461821875 0.1221964625
0 0.7910054046874999 0.063268975 0.7844720265625 0.0941205421875 0.8500445734375001 0.106517078125 0.8565779546875 0.0756655109375 0.7910054046874999 0.063268975
0 0.6149110734375001 0.904875728125 0.561633378125 0.8948035421875 0.5503088546875 0.9482795890625001 0.6035865499999999 0.9583517734375 0.6149110734375001 0.904875728125
0 0.6296208546875001 0.7750315703124999 0.559950021875 0.76186025 0.5486254984375 0.8153362984375001 0.61829633125 0.82850761875 0.6296208546875001 0.7750315703124999
0 0.633213809375 0.6473639984374999 0.5860835390625 0.6384539874999999 0.573887896875 0.6960435781250001 0.6210181671874999 0.7049535890625 0.633213809375 0.6473639984374999
0 0.6970719390625 0.1546055875 0.6519908109375 0.14608296875 0.6419729640625 0.193388703125 0.6870540921875 0.201911321875 0.6970719390625 0.1546055875
0 0.8016774015625 0.23427650781249998 0.7606945578125 0.2265286734375 0.751547828125 0.2697208625 0.792530671875 0.2774686984375 0.8016774015625 0.23427650781249998
0 0.8122610828125 0.6170395984375 0.72414796875 0.600381753125 0.7041122734374999 0.6949932234375 0.7922253859375 0.7116510703125 0.8122610828125 0.6170395984375
0 0.79940201875 0.6274432671875 0.5166204 0.573983203125 0.4848246203125 0.7241274921875 0.7676062406249999 0.7775875546875 0.79940201875 0.6274432671875
0 0.8083595984375 0.29329585156250004 0.7284430546875 0.2781875734375 0.7097140343749999 0.36662872812499997 0.7896305781249999 0.38173700625 0.8083595984375 0.29329585156250004
0 0.7137441671875 0.6797012296875 0.6502207609374999 0.6676920843749999 0.6354117671874999 0.7376223015625001 0.698935175 0.7496314453124999 0.7137441671875 0.6797012296875