1 0.11812297812500001 0 0.11812297812500001 0.9983818765624999 0.82524271875 0.9983818765624999 0.82524271875 0 0.11812297812500001 0
0 0.6941747578124999 0.7815533984374999 0.6585760515625 0.7815533984374999 0.6585760515625 0.8268608421874999 0.6941747578124999 0.8268608421874999 0.6941747578124999 0.7815533984374999
0 0.36569579218750004 0.6229773468750001 0.3333333328125 0.6229773468750001 0.3333333328125 0.67475728125 0.36569579218750004 0.67475728125 0.36569579218750004 0.6229773468750001
0 0.6262135921875001 0.1035598703125 0.5938511328125 0.1035598703125 0.5938511328125 0.152103559375 0.6262135921875001 0.152103559375 0.6262135921875001 0.1035598703125
0 0.46278317187500007 0.6084142390625 0.3300970875 0.6084142390625 0.3300970875 0.68446601875 0.46278317187500007 0.68446601875 0.46278317187500007 0.6084142390625
0 0.4093851125 0.61488673125 0.377022653125 0.61488673125 0.377022653125 0.67961165 0.4093851125 0.67961165 0.4093851125 0.61488673125
0 0.5760517796875 0.757281553125 0.5404530750000001 0.757281553125 0.5404530750000001 0.8042071203125 0.5760517796875 0.8042071203125 0.5760517796875 0.757281553125
0 0.592233009375 0.5889967640625 0.55501618125 0.5889967640625 0.55501618125 0.6456310671875001 0.592233009375 0.6456310671875001 0.592233009375 0.5889967640625
0 0.3187702265625 0.8381877015624999 0.2912621359375 0.8381877015624999 0.2912621359375 0.8818770218750001 0.3187702265625 0.8818770218750001 0.3187702265625 0.8381877015624999
0 0.53559870625 0.82038835 0.5032362453125 0.82038835 0.5032362453125 0.8834951453125001 0.53559870625 0.8834951453125001 0.53559870625 0.82038835
0 0.7071197406249999 0.587378640625 0.2831715203125 0.587378640625 0.2831715203125 0.927184465625 0.7071197406249999 0.927184465625 0.7071197406249999 0.587378640625
0 0.702265371875 0.7718446609375 0.6488673140625 0.7718446609375 0.6488673140625 0.8365695796875 0.702265371875 0.8365695796875 0.702265371875 0.7718446609375
0 0.70550161875 0.7702265374999999 0.2831715203125 0.7702265374999999 0.2831715203125 0.9239482203125 0.70550161875 0.9239482203125 0.70550161875 0.7702265374999999