1 1 0.147973796875 0.0694251859375 0.022475884374999998 0.0053601375 0.46064914687499997 0.0089683765625 0.7707404171875 0.9504769609375 0.8977128656250001 1 0.5589997578125 1 0.147973796875
0 0.10405484062499999 0.5117106687499999 0.10020683125 0.538029146875 0.13036884375 0.5420968171875 0.13421685156250002 0.5157783375 0.10405484062499999 0.5117106687499999
0 0.3877572453125 0.46796771562500006 0.3824840484375 0.5040337796875 0.4462134625 0.51262836875 0.451486659375 0.476562303125 0.3877572453125 0.46796771562500006
0 0.1374372625 0.5683965234375 0.13373177187500002 0.59374024375 0.156110040625 0.596758190625 0.15981553125 0.571414471875 0.1374372625 0.5683965234375
0 0.07566198125 0.49893578125 0.0479420640625 0.6885263078125 0.1510766890625 0.702435109375 0.1787966046875 0.5128445828125 0.07566198125 0.49893578125
0 0.86472815625 0.5104247828124999 0.8599537749999999 0.5430791953125 0.9275750609375001 0.5521986453125 0.9323494437500001 0.519544234375 0.86472815625 0.5104247828124999
0 0.1139421796875 0.66462583125 0.110236690625 0.68996955 0.1423446390625 0.6942996499999999 0.1460501296875 0.6689559296875001 0.1139421796875 0.66462583125
0 0.727071109375 0.8004906500000001 0.7232231 0.826809128125 0.7606823734375 0.831860909375 0.76453038125 0.8055424312499999 0.727071109375 0.8004906500000001
0 0.6874711671875 0.4775739859375 0.681271596875 0.51997598125 0.7362442984374999 0.527389634375 0.74244386875 0.4849876390625 0.6874711671875 0.4775739859375
0 0.5225024859375 0.7440770109375 0.5115285328125 0.8191334156250001 0.6020145734375 0.8313364203125 0.612988525 0.756280015625 0.5225024859375 0.7440770109375
0 0.3069048890625 0.2880875375 0.3028431015625 0.3158681546875 0.337383471875 0.32052629062500004 0.34144525937500003 0.29274567500000004 0.3069048890625 0.2880875375
0 0.6846509171874999 0.4493622421875 0.6545081796875001 0.6555236640625 0.9629390890625 0.697118853125 0.993081825 0.4909574296875 0.6846509171874999 0.4493622421875
0 0.6831764031249999 0.47301887656249997 0.6614422765625 0.6216695484375 0.7611715140624999 0.6351190953125 0.7829056390625 0.486468425 0.6831764031249999 0.47301887656249997
0 0.8178078453125 0.624368503125 0.8130334640625 0.6570229125 0.8665467124999999 0.6642397421874999 0.8713210953124999 0.631585334375 0.8178078453125 0.624368503125
0 0.306349878125 0.26813311562500003 0.29901015625 0.318333178125 0.3637125390625 0.3270589828125 0.3710522609375 0.2768589203125 0.306349878125 0.26813311562500003
0 0.5597082531249999 0.7813989125 0.5537937203125 0.8218513906249999 0.5912529953125001 0.826903171875 0.5971675265624999 0.78645069375 0.5597082531249999 0.7813989125
0 0.0579305640625 0.2639535 0.052158548437499994 0.3034312171875 0.10810421875000001 0.31097608593750004 0.11387623124999999 0.27149836875 0.0579305640625 0.2639535
0 0.108473 0.65792438125 0.1030572828125 0.694965203125 0.1463543671875 0.7008042765625 0.151770084375 0.663763453125 0.108473 0.65792438125
0 0.13155285781249998 0.5611420875 0.12606588125 0.598670290625 0.162065703125 0.6035252484375 0.1675526796875 0.5659970484375 0.13155285781249998 0.5611420875
0 0.10219249374999999 0.507483596875 0.0898646140625 0.5918002078125 0.159918321875 0.6012476953125 0.172246203125 0.516931084375 0.10219249374999999 0.507483596875