1 0.4222668828125 0 0.0019484687500000001 0.0418344125 0.0243046453125 0.5218304734375 0.08841016093750001 0.9995132124999999 0.568406221875 0.9939279531249999 1 0.9509713 1 0.30058017812500004 0.9596618296875 0 0.4222668828125 0
0 0.8648535515625 0.558792115625 0.8532788484375 0.47254313437500006 0.7540653140625 0.4824178859375 0.7656400156250001 0.5686668671875 0.8648535515625 0.558792115625
0 0.7739074609375 0.7135123625 0.76559741875 0.65159001875 0.679612353125 0.6601481359375 0.687922396875 0.7220704812500001 0.7739074609375 0.7135123625
0 0.7351126890625 0.6075620859375 0.7285833703125 0.5589088156249999 0.66905525 0.5648336671874999 0.67558456875 0.6134869375 0.7351126890625 0.6075620859375
0 0.7792073125 0.719708021875 0.7560579078125 0.5472100609375 0.5951115062500001 0.5632291031250001 0.6182609109375 0.7357270640625 0.7792073125 0.719708021875
0 0.5720467390625 0.4579542671875 0.5296061625 0.141708003125 0.1261377875 0.1818653265625 0.1685783625 0.4981115890625 0.5720467390625 0.4579542671875
0 0.676814034375 0.6559445515625 0.6708782890625 0.6117143046875 0.6047359328125 0.618297471875 0.6106716765625 0.66252771875 0.676814034375 0.6559445515625
0 0.9870895359375 0.6205806359375 0.98056021875 0.571927365625 0.9364653140625 0.5763161453125 0.9429946328125001 0.6249694156250001 0.9870895359375 0.6205806359375
0 0.6710058046875 0.479479565625 0.665070059375 0.43524931875000006 0.6143609203125 0.44029641406250003 0.620296665625 0.484526659375 0.6710058046875 0.479479565625
0 0.8856286578124999 0.7135979781249999 0.852685275 0.46812011093750006 0.5837063578125 0.4948916609375 0.6166497390625 0.7403695265625 0.8856286578124999 0.7135979781249999
0 0.8903349374999999 0.7153706140625 0.8096088078125 0.11383925937499999 0.12393304062499999 0.182084765625 0.20465917031249997 0.7836161203125 0.8903349374999999 0.7153706140625
0 0.7476203515625001 0.617522453125 0.7378263734375 0.544542546875 0.6584555453125 0.5524423484375001 0.6682495234375 0.6254222546875 0.7476203515625001 0.617522453125
2 0.377308628125 0.372007178125 0.3488170546875 0.1597019953125 0.1305472765625 0.18142645 0.1590388515625 0.39373163125 0.377308628125 0.372007178125
2 0.5761594421875 0.4553038765625 0.5533068250000001 0.285017428125 0.38354144375 0.301914225 0.406394059375 0.47220067343750005 0.5761594421875 0.4553038765625