0 0.192398571875 0.35076943437499997 0.29147118125000004 0.356553865625 0.2995030546875 0.2703067484375 0.200430446875 0.264522315625 0.192398571875 0.35076943437499997
0 0.344348875 0.154675925 0.4017067015625 0.1580248078125 0.406087725 0.110980921875 0.3487298953125 0.10763204062500001 0.344348875 0.154675925
0 0.357302496875 0.7755834953125 0.4198746703125 0.7792368187500001 0.42547264531250006 0.719125190625 0.3629004703125 0.715471865625 0.357302496875 0.7755834953125
0 0 0.43676319843750006 0.08432052500000001 0.44168631718749995 0.092595790625 0.35282565 0.001344703125 0.3474978828125 0 0.3619374453125 0 0.43676319843750006
0 0.010684553125 0.8946171890624999 0.003869628125 0.967796565625 0.0768705 0.9720587765625 0.08368542343749999 0.898879403125 0.010684553125 0.8946171890624999
0 0 0.44464647656249995 0.386022534375 0.46718470468750006 0.42034054374999996 0.0986742875 0.0266572765625 0.07568878125 0 0.3619374390625 0 0.44464647656249995
0 0.7269312640625001 0.747237128125 0.8051464812500001 0.7518037843750001 0.8124481859375001 0.6733973140625 0.7342329671875001 0.66883065625 0.7269312640625001 0.747237128125
0 0.4457360578125 0.8674628234374999 0.5187369296875 0.8717250359375001 0.5262820234375 0.7907050156250001 0.453281153125 0.7864428015625 0.4457360578125 0.8674628234374999
0 0.1351439 0.4026095265625 0.18728737812500001 0.4056539640625 0.192398571875 0.35076943437499997 0.1402550921875 0.34772499687499997 0.1351439 0.4026095265625
0 0.311915953125 0.137015746875 0.3510235625 0.139299075 0.3549178046875 0.0974822890625 0.3158101953125 0.0951989609375 0.311915953125 0.137015746875
0 0.417246590625 0.10374916249999999 0.026170496874999997 0.080915878125 0.0142443796875 0.20897978125 0.4053204734375 0.2318130671875 0.417246590625 0.10374916249999999
0 0 0.44464647656249995 0.0861975296875 0.4496791875 0.11370061406250001 0.15434814375 0.019842353125 0.1488681546875 0 0.3619374390625 0 0.44464647656249995
2 0.804494515625 0.3365797046875 0.9218173421875001 0.34342968906250004 0.927902096875 0.2780909625 0.81057926875 0.271240978125 0.804494515625 0.3365797046875