0 0.826956853125 0.28711438125 0.838262878125 0.18033197031249998 0.72375325625 0.1630054453125 0.7124472296875 0.26978785625 0.826956853125 0.28711438125
0 0.3969392078125 0.719016678125 0.4014980890625 0.675959253125 0.35291825 0.6686086062500001 0.3483593671875 0.7116660312499999 0.3969392078125 0.719016678125
0 0.7038770359375001 0.9334490046875 0.706430009375 0.909336846875 0.6647901484375 0.9030362937499999 0.662237175 0.9271484515624999 0.7038770359375001 0.9334490046875
0 0.783024453125 0.2192208171875 0.7861244921874999 0.18994176875 0.75142460625 0.18469130625000002 0.7483245671875001 0.21397035468749998 0.783024453125 0.2192208171875
0 0.623384525 0.64478713125 0.62575514375 0.6223972703125 0.6014652234375 0.618721946875 0.5990946046875 0.6411118078125 0.623384525 0.64478713125
0 0.707253228125 0.91821085625 0.7645127765625 0.3774096140625 0.230134534375 0.2965524984375 0.1728749859375 0.8373537390625 0.707253228125 0.91821085625
0 0.33740233750000004 0.715257784375 0.34305534843749996 0.6618665796875 0.24589566718750003 0.647165284375 0.24024265625000002 0.7005564890625 0.33740233750000004 0.715257784375
0 0.71388038125 0.6724792328125 0.741963090625 0.40724550156249995 0.5545837062500001 0.37889300625 0.5265009968750001 0.6441267374999999 0.71388038125 0.6724792328125
0 1 0.2503016390625 0.9896711281250001 0.2487387703125 0.98365340625 0.3055745703125 1 0.3080479828125 1 0.2503016390625
0 1 0.26255086250000004 0.9189948703124999 0.250293925 0.903859384375 0.3932445703125 1 0.40779166875 1 0.26255086250000004
2 0.5245317609375 0.895812821875 0.5411260890625 0.7390837984374999 0.3520117109375 0.7104687796875 0.3354173828125 0.8671978031249999 0.5245317609375 0.895812821875