0 0.45697896718750003 0.611854684375 0.41873805 0.611854684375 0.41873805 0.6500956015625 0.45697896718750003 0.6500956015625 0.45697896718750003 0.611854684375
0 0.4091778203125 0.5793499046874999 0.37476099375 0.5793499046874999 0.37476099375 0.623326959375 0.4091778203125 0.623326959375 0.4091778203125 0.5793499046874999
0 0.48374760937500005 0.460803059375 0.4455066921875 0.460803059375 0.4455066921875 0.5047801140625 0.48374760937500005 0.5047801140625 0.48374760937500005 0.460803059375
0 0.35181644375 0.62523900625 0.3250478015625 0.62523900625 0.3250478015625 0.6577437859375 0.35181644375 0.6577437859375 0.35181644375 0.62523900625
0 0.4034416828125 0.673040153125 0.36328871875 0.673040153125 0.36328871875 0.7151051625 0.4034416828125 0.7151051625 0.4034416828125 0.673040153125
0 0.4588910140625 0.5411089859375 0.4015296359375 0.5411089859375 0.4015296359375 0.583173996875 0.4588910140625 0.583173996875 0.4588910140625 0.5411089859375
0 0.80497131875 0.5946462718750001 0.7667304015624999 0.5946462718750001 0.7667304015624999 0.6500956015625 0.80497131875 0.6500956015625 0.80497131875 0.5946462718750001
0 0.344168259375 0.583173996875 0.321223709375 0.583173996875 0.321223709375 0.606118546875 0.344168259375 0.606118546875 0.344168259375 0.583173996875
0 0.762906309375 0.3728489484375 0.728489484375 0.3728489484375 0.728489484375 0.40726577500000005 0.762906309375 0.40726577500000005 0.762906309375 0.3728489484375
0 0.466539196875 0.6022944546875 0.41300191249999996 0.6022944546875 0.41300191249999996 0.6577437859375 0.466539196875 0.6577437859375 0.466539196875 0.6022944546875
0 0.3001912046875 0.51434034375 0.2638623328125 0.51434034375 0.2638623328125 0.5525812625000001 0.3001912046875 0.5525812625000001 0.3001912046875 0.51434034375
0 0.8871892921875 0.24474187343749998 0.1606118546875 0.24474187343749998 0.1606118546875 0.7265774375 0.8871892921875 0.7265774375 0.8871892921875 0.24474187343749998
0 0.41300191249999996 0.6653919687500001 0.3537284890625 0.6653919687500001 0.3537284890625 0.7227533453125 0.41300191249999996 0.7227533453125 0.41300191249999996 0.6653919687500001
0 0.48757170156249996 0.4206500953125 0.315487571875 0.4206500953125 0.315487571875 0.7151051625 0.48757170156249996 0.7151051625 0.48757170156249996 0.4206500953125
2 0.49713193125000005 0.38240917812499997 0.15487571718749998 0.38240917812499997 0.15487571718749998 0.7246653921874999 0.49713193125000005 0.7246653921874999 0.49713193125000005 0.38240917812499997