0 0.6032570796875001 0.579486921875 0.5965413828125 0.521825184375 0.535705134375 0.52645155 0.5424208296875 0.5841132859375 0.6032570796875001 0.579486921875
0 0.358880565625 0.38420156250000004 0.3505847046875 0.312972359375 0.2914383515625 0.3174702140625 0.2997342140625 0.38869941875 0.358880565625 0.38420156250000004
0 0.3486533859375 0.23783724843749998 0.3419376890625 0.18017551406250001 0.29124081562500004 0.1840308171875 0.29795651093750003 0.241692553125 0.3486533859375 0.23783724843749998
0 0.9048706015624999 0.9295383515625 0.8977598640625001 0.8684847484375 0.8436831984375001 0.8725970734375 0.8507939375 0.933650675 0.9048706015624999 0.9295383515625
0 0.099733915625 0.1352888875 0.09499342499999999 0.09458648593749999 0.05105613437499999 0.09792775000000001 0.05579662656249999 0.1386301515625 0.099733915625 0.1352888875
0 0.8324903906250001 0.9521521328125001 0.824589571875 0.8843147953124999 0.7603735328125001 0.8891981812499999 0.7682743515625 0.95703551875 0.8324903906250001 0.9521521328125001
0 0.69222899375 0.56758808125 0.6849207359375 0.5048385468750001 0.6021158437499999 0.51113554375 0.6094241 0.5738850796875 0.69222899375 0.56758808125
0 0.1095660390625 0.14651787031250002 0.10225778125 0.083768334375 0.039731635937499996 0.088523209375 0.0470398953125 0.151272746875 0.1095660390625 0.14651787031250002
0 0.7154705515625001 0.5914849609374999 0.648906146875 0.0199554 0.003365953125 0.069046278125 0.069930359375 0.6405758390625 0.7154705515625001 0.5914849609374999
2 0.9983415875 0.8830782953125 0.9821449078125 0.744011753125 0.8858208453125 0.7513368328125 0.902017525 0.8904033734375 0.9983415875 0.8830782953125
2 1 0.37034429375 0.9581655874999999 0.011149265625 0.4781695265625 0.00556400625 0.0012172578125 0.0418344125 0.015183715625 0.5218304734375 0.0708747453125 1 0.6307743203125 1 1 0.971921790625 1 0.37034429375