0 0.213348196875 0.46595008125000004 0.2203296640625 0.5047125875 0.28414615 0.4986815296875 0.2771646828125 0.4599190234375 0.213348196875 0.46595008125000004
0 0.662925484375 0.5116930625 0.673896359375 0.5726055703124999 0.7614161125 0.5643344046875 0.7504452359375 0.5034218953125 0.662925484375 0.5116930625
0 0.7127996421875 0.46943459374999996 0.7194486578125 0.5063512671875 0.7923817843750001 0.499458628125 0.78573276875 0.46254195468750003 0.7127996421875 0.46943459374999996
0 0.595945565625 0.4898643015625 0.603591934375 0.5323184750000001 0.6765250609375 0.5254258359375 0.66887869375 0.48297166249999995 0.595945565625 0.4898643015625
0 0.0273687265625 0.4835263109375 0.0609462578125 0.6699555078125 0.3836753390625 0.63945558125 0.350097809375 0.45302638437500004 0.0273687265625 0.4835263109375
0 0.0594553796875 0.6719736578125 0.8161365625 0.6004625296875 0.7705908015625 0.3475833234375 0.017064640625 0.41879628125 0.0180028125 0.44182067968750005 0.0594553796875 0.6719736578125
0 0.20721331250000002 0.46277536250000006 0.24112329375 0.6510503937500001 0.379696234375 0.6379543796875 0.3457862515625 0.44967935 0.20721331250000002 0.46277536250000006
0 0.20008107343749998 0.4540631421875 0.21138439999999997 0.5168214859375 0.295257496875 0.50889495 0.28395416875 0.4461366078125 0.20008107343749998 0.4540631421875
2 0.48648406250000004 0.3763104484375 0.49612513593749996 0.4298396234375 0.5945848546875 0.42053456093749997 0.58494378125 0.36700538437499997 0.48648406250000004 0.3763104484375
2 0.29231695156250004 0.595526459375 0.3012931234375 0.6453639671875 0.386989546875 0.637265115625 0.378013375 0.5874276078125 0.29231695156250004 0.595526459375
2 0.034007440625 0.4997941828125 0.0423187109375 0.5459400234375 0.16265836875 0.5345671703125 0.1543470984375 0.488421328125 0.034007440625 0.4997941828125