0 0.64517161875 0.8328886546875 0.6871177140625 0.8297023843750001 0.6811319499999999 0.7756395890625 0.639185853125 0.7788258609375001 0.64517161875 0.8328886546875
0 0.19180440468749999 0.4493595703125 0.272700446875 0.44321461875 0.2623916296875 0.350106471875 0.18149558906250002 0.3562514234375 0.19180440468749999 0.4493595703125
0 0.0838874671875 0.9209556375 0.728059646875 0.872023625 0.70012608125 0.61973058125 0.0559539015625 0.6686625937499999 0.0838874671875 0.9209556375
0 0.634517190625 0.8458129734375 0.700432484375 0.8408059765625 0.6914538359375 0.7597117828125 0.6255385437500001 0.7647187796875 0.634517190625 0.8458129734375
0 1 0.57575059375 0.035649206249999996 0.64900371875 0.0744893359375 0.9998036921875 0.5582072625000001 0.9969895031249999 1 0.96343045 1 0.57575059375
0 0.09221083125 0.9142658875 0.1641184234375 0.908803709375 0.137515028125 0.6685246203124999 0.0656074359375 0.6739868 0.09221083125 0.9142658875
0 0.160525809375 0.3305855703125 0.1994757546875 0.327626890625 0.19448761875 0.2825745609375 0.1555376734375 0.285533240625 0.160525809375 0.3305855703125
0 0.184798140625 0.5770992265625 0.20577118906249997 0.575506090625 0.2031108484375 0.55147818125 0.1821378 0.553071315625 0.184798140625 0.5770992265625
0 0.1514818109375 0.7946711421875 0.2623393484375 0.786250284375 0.251365446875 0.6871351609375 0.140507909375 0.6955560171874999 0.1514818109375 0.7946711421875
0 0.6122107046874999 0.8626511421874999 0.7260643921875001 0.85400269375 0.713427778125 0.739870125 0.5995740921875 0.7485185750000001 0.6122107046874999 0.8626511421874999
0 0.18246707499999998 0.5833337953125 0.212428571875 0.5810578875 0.20877060468750003 0.5480195125 0.178809109375 0.5502954203125 0.18246707499999998 0.5833337953125
0 0.1891407984375 0.45259065 0.34793673125 0.44052834062499996 0.33530011718749997 0.326395771875 0.17650418437499998 0.3384580828125 0.1891407984375 0.45259065
2 0.1665017703125 0.466425328125 0.3582553484375 0.451859521875 0.3373051734375 0.26263973749999997 0.1455515953125 0.277205546875 0.1665017703125 0.466425328125