1 0.0374639765625 0 0.0374639765625 0.99711815625 0.99711815625 0.99711815625 0.99711815625 0 0.0374639765625 0
0 0.244956771875 0.242074928125 0.2074927953125 0.242074928125 0.2074927953125 0.28530259375 0.244956771875 0.28530259375 0.244956771875 0.242074928125
0 0.2190201734375 0.7752161390625 0.11239193125 0.7752161390625 0.11239193125 0.8904899140625 0.2190201734375 0.8904899140625 0.2190201734375 0.7752161390625
0 0.1037463984375 0.7492795390625 0.0662824203125 0.7492795390625 0.0662824203125 0.7925072046875 0.1037463984375 0.7925072046875 0.1037463984375 0.7492795390625
0 0.7953890484375 0.4553314125 0.757925071875 0.4553314125 0.757925071875 0.5129683 0.7953890484375 0.5129683 0.7953890484375 0.4553314125
0 0.844380403125 0.6945244953125 0.8069164265625 0.6945244953125 0.8069164265625 0.74639769375 0.844380403125 0.74639769375 0.844380403125 0.6945244953125
0 0.99711815625 0.397694525 0.9510086453125 0.397694525 0.9510086453125 0.5706051875 0.99711815625 0.5706051875 0.99711815625 0.397694525
0 0.8501440921875 0.443804034375 0.7521613828125 0.443804034375 0.7521613828125 0.5360230546875 0.8501440921875 0.5360230546875 0.8501440921875 0.443804034375
0 0.8357348703125 0.158501440625 0.7953890484375 0.158501440625 0.7953890484375 0.20172910625 0.8357348703125 0.20172910625 0.8357348703125 0.158501440625
0 0.8386167140625 0.155619596875 0.755043228125 0.155619596875 0.755043228125 0.213256484375 0.8386167140625 0.213256484375 0.8386167140625 0.155619596875
0 0.25648415 0.23054755 0.1988472625 0.23054755 0.1988472625 0.2939481265625 0.25648415 0.2939481265625 0.25648415 0.23054755
0 0.99711815625 0.671469740625 0.731988471875 0.671469740625 0.731988471875 0.755043228125 0.99711815625 0.755043228125 0.99711815625 0.671469740625