1 0 0.8901418921875001 0.9750980640625 0.8674600578125 0.9857054312500001 0.5029085156249999 0.9831667281250001 0.0668084296875 0 0.0896779515625 0 0.8901418921875001
0 0.38993457343750004 0.5728023078125 0.3896480875 0.52358950625 0.3170797546875 0.525277525 0.317366240625 0.5744903265625 0.38993457343750004 0.5728023078125
0 0.9668641875 0.38322842343749997 0.9666229359375 0.34178606562499997 0.89923805625 0.3433535109375 0.8994793078125 0.38479586875 0.9668641875 0.38322842343749997
0 0.693588725 0.638272934375 0.693226846875 0.5761093953125 0.5843743484374999 0.578641421875 0.584736225 0.6408049609375001 0.693588725 0.638272934375
0 0 0.7709789765624999 0.0152349890625 0.77062459375 0.015008815625 0.73177238125 0 0.732121503125 0 0.7709789765624999
0 0.1511188125 0.5135949656250001 0.1507720125 0.45402157499999996 0.0419195125 0.45655360156249997 0.0422663125 0.5161269921875 0.1511188125 0.5135949656250001
0 0.7538601390624999 0.30528718593750004 0.753543496875 0.250894090625 0.7068924265625001 0.2519792453125 0.7072090703125 0.30637234062499996 0.7538601390624999 0.30528718593750004
0 0.3121827875 0.5746108984375 0.311896303125 0.5253980984375 0.2185941609375 0.52756840625 0.21888064687500003 0.5767812078125 0.3121827875 0.5746108984375
0 0.8373985062499999 0.40696392187499997 0.8370818640625 0.35257082500000003 0.7463714484375 0.354680846875 0.746688090625 0.40907394375 0.8373985062499999 0.40696392187499997
0 0.7277787453125 0.722964078125 0.7250797453125 0.2593276828125 0.564392721875 0.2630654375 0.5670917249999999 0.7267018328125 0.7277787453125 0.722964078125
0 0.9611245687500001 0.733079190625 0.9583200218749999 0.2513117640625 0.5591941921875 0.2605958625 0.5619987421875 0.7423632875 0.9611245687500001 0.733079190625