1 0.189650184375 0 0 0.7505592937500001 0 0.9123649859375 0.4067010046875 0.994793471875 0.8641451375000001 0.9894706281250001 0.9774852265625 0.5409160625 0.996124646875 0.08347193124999999 0.5842753109375 0 0.189650184375 0
0 0.35010483593749997 0.98332279375 0.36210910625000003 0.9358147078125001 0.209892546875 0.9049640828125 0.19788827656250002 0.9524721671874999 0.35010483593749997 0.98332279375
0 0.772142546875 0.133962996875 0.6894570078125 0.1172046328125 0.6697700046875 0.195117890625 0.7524555421875 0.21187625468750002 0.772142546875 0.133962996875
0 0.2373518296875 0.960470478125 0.24503456406250002 0.930065303125 0.207450228125 0.9224478656249999 0.1997674953125 0.9528530390625001 0.2373518296875 0.960470478125
0 0.33719250624999997 0.7529745359375 0.2958497390625 0.7445953546874999 0.2780834171875 0.8149073203125001 0.3194261875 0.8232865015625 0.33719250624999997 0.7529745359375
0 0.44860536250000005 0.6716778296875 0.40914181093749996 0.6636795171875 0.39137548906249997 0.733991484375 0.430839040625 0.7419897953125 0.44860536250000005 0.6716778296875
0 0.702203471875 0.37948155156249996 0.6646191359375 0.3718641109375 0.64925366875 0.432674459375 0.6868380046875 0.4402918984375 0.702203471875 0.37948155156249996
0 0.47450634062499997 0.9366208500000001 0.459963971875 0.9941737015625 0.50553341875 0.993643453125 0.5177283265625 0.9453809062499999 0.47450634062499997 0.9366208500000001
0 0.28809068125000004 0.9707540187499999 0.29817426875 0.930847228125 0.260589934375 0.9232297890625001 0.250506346875 0.96313658125 0.28809068125000004 0.9707540187499999
0 0.346346403125 0.9825610484375 0.3583506734375 0.9350529640625 0.3113702546875 0.9255311671875001 0.29936598281250004 0.9730392515625 0.346346403125 0.9825610484375
0 0.5405385453125 0.6283835546875001 0.4954373421875 0.6192426265625001 0.462785725 0.7484646171875 0.507886928125 0.7576055453125 0.5405385453125 0.6283835546875001
0 0.40670100624999994 0.994793471875 0.5134585390625 0.9935512359375 0.5262055343750001 0.9431037468750001 0.208617903125 0.8787363906250001 0.1903714109375 0.9509486796875001 0.40670100624999994 0.994793471875