0 0.4448244453125 0.45781899375 0.45291314062500004 0.5018274453125 0.50393000625 0.49076189374999996 0.49584131249999996 0.44675344375000003 0.4448244453125 0.45781899375
0 0.7345523 0.314892015625 0.7430454296875 0.3611008875 0.7874079218750001 0.35147866875 0.7789147921875 0.305269796875 0.7345523 0.314892015625
0 0.332167190625 0.6103904203125 0.3390425828125 0.6477976046875 0.3789688265625 0.6391376078125 0.37209343437500003 0.6017304234374999 0.332167190625 0.6103904203125
0 0.2083817140625 0.689866790625 0.21525710468749998 0.7272739765625 0.2574014734375 0.7181328687499999 0.25052608125 0.6807256859375 0.2083817140625 0.689866790625
0 0.4768374578125 0.7574867249999999 0.48371285 0.79489390625 0.5347297156249999 0.78382835625 0.5278543250000001 0.7464211734374999 0.4768374578125 0.7574867249999999
0 0.13820601562499998 0.295510046875 0.14386810156250002 0.32631596093750004 0.18601246875 0.3171748546875 0.18035038125 0.2863689390625 0.13820601562499998 0.295510046875
0 0.1999216015625 0.3050053890625 0.20558368906250002 0.3358113046875 0.24550993124999998 0.3271513078125 0.23984784375 0.29634539375 0.1999216015625 0.3050053890625
0 0.509846128125 0.22176579843750002 0.51510378125 0.2503712890625 0.54837565 0.24315462499999999 0.5431179984375001 0.21454913437499998 0.509846128125 0.22176579843750002
0 0.192691909375 0.3660652625 0.1999717359375 0.40567286718749995 0.2443342265625 0.39605065 0.23705440156250002 0.3564430453125 0.192691909375 0.3660652625
0 0.5064147 0.21564563906249998 0.513694525 0.255253246875 0.571365765625 0.2427443625 0.5640859390624999 0.20313675781249999 0.5064147 0.21564563906249998
0 0.465942784375 0.748409053125 0.47605365624999996 0.8034196171874999 0.5470336437500001 0.78802406875 0.5369227750000001 0.7330135046875 0.465942784375 0.748409053125
0 0.7375416953125 0.24331113906250001 0.7432037796875 0.2741170546875 0.778693775 0.26641928125000003 0.7730316875 0.235613365625 0.7375416953125 0.24331113906250001
0 0.1938345953125 0.63581845 0.212034159375 0.7348374640625 0.3983566265625 0.69442415 0.38015706250000003 0.5954051359375 0.1938345953125 0.63581845
0 0.7214395031249999 0.30629545625 0.7343814156249999 0.3767089765625 0.8031432796875 0.36179453906250003 0.7902013671875 0.29138101875 0.7214395031249999 0.30629545625
0 0.3176451390625 0.60667581875 0.3273515734375 0.659485959375 0.39167718749999997 0.6455337421875 0.381970753125 0.5927236031249999 0.3176451390625 0.60667581875
0 0.7070883343750001 0.24076389062499998 0.766540246875 0.5642260046875001 0.8530471078125 0.5454626796875 0.7935951953125 0.2220005671875 0.7070883343750001 0.24076389062499998
0 0.732409375 0.46637434375 0.7546532874999999 0.5873975828125 0.874432015625 0.5614175953125 0.8521881046875001 0.44039435625 0.732409375 0.46637434375
0 0.0698485859375 0.31262490781249996 0.0755106734375 0.343430821875 0.10878254218750001 0.336214159375 0.10312045624999999 0.30540824375 0.0698485859375 0.31262490781249996
0 0.6550290484375 0.18341121093749999 0.6615000046875 0.21861797031250002 0.7036443734375 0.2094768640625 0.6971734171875 0.174270103125 0.6550290484375 0.18341121093749999
0 0.19789147499999998 0.682989546875 0.2080023453125 0.7380001093749999 0.270109834375 0.7245290046874999 0.259998965625 0.6695184421875 0.19789147499999998 0.682989546875
2 0.751576159375 0.48281037031249996 0.7661358109374999 0.5620255828125 0.850424546875 0.54374336875 0.8358648953125 0.46452815625 0.751576159375 0.48281037031249996