0 0.7195347640625 0.5521437828125 0.8102222015624999 0.5484425296875 0.8032326171875 0.4684209984375 0.7125451796875 0.4721222515625 0.7195347640625 0.5521437828125
0 0.3674206125 0.4406283859375 0.40844588125000003 0.438954009375 0.4048566359375 0.3978618703125 0.36383136562499996 0.399536246875 0.3674206125 0.4406283859375
0 0.5031796625 0.6304284796874999 0.5722748531249999 0.6276084765625 0.5675521609375 0.573539871875 0.49845697031249997 0.576359875 0.5031796625 0.6304284796874999
0 0.037246178125 0.6299106703125 0.1085005953125 0.62700254375 0.10283336406250002 0.56212021875 0.0315789484375 0.5650283468749999 0.037246178125 0.6299106703125
0 0.258971934375 0.5883045015625 0.308634103125 0.5862776234375 0.3044781328125 0.5386972546875 0.25481596562500003 0.54072413125 0.258971934375 0.5883045015625
0 0.8577780015625001 0.6463425093749999 0.9247139671875001 0.64361063125 0.9199912749999999 0.589542028125 0.8530553078124999 0.59227390625 0.8577780015625001 0.6463425093749999
0 0.59724296875 0.4421008484375 0.6555420390625 0.439721471875 0.651763884375 0.3964665890625 0.593464815625 0.39884596562499997 0.59724296875 0.4421008484375
0 1 0.5132003843749999 0.9971037875000001 0.4800425625 0.9150532468750001 0.48339131562500004 0.9210982937500001 0.5525991296874999 1 0.549378890625 1 0.5132003843749999
0 0.127206371875 0.4938414015625 0.1898238875 0.49128577343749996 0.185290103125 0.439379915625 0.12267258750000001 0.44193554218750003 0.127206371875 0.4938414015625
0 0.31929613125 0.5098765796875 0.3775951984375 0.507497203125 0.37325032187499996 0.4577540875 0.3149512546875 0.46013346562499996 0.31929613125 0.5098765796875
0 0.6187255921875 0.5888149484375 0.674865434375 0.586523696875 0.67108728125 0.5432688140625 0.6149474390624999 0.5455600671874999 0.6187255921875 0.5888149484375
0 0.86074766875 0.581107684375 0.9255244093749999 0.5784639328125001 0.9204239031249999 0.520069840625 0.8556471609375 0.52271359375 0.86074766875 0.581107684375