0 0.32160804062500004 0 0.32160804062500004 0.027638190624999996 0.4045226125 0.027638190624999996 0.4045226125 0 0.32160804062500004 0
0 0.8266331656249999 0.6080402015625 0.7788944718749999 0.6080402015625 0.7788944718749999 0.65075376875 0.8266331656249999 0.65075376875 0.8266331656249999 0.6080402015625
0 0.5326633171874999 0.55276381875 0.5100502515625001 0.55276381875 0.5100502515625001 0.575376884375 0.5326633171874999 0.575376884375 0.5326633171874999 0.55276381875
0 0.84673366875 0.4824120609375 0.821608040625 0.4824120609375 0.821608040625 0.505025125 0.84673366875 0.505025125 0.84673366875 0.4824120609375
0 0.14824120624999998 0.42462311562500005 0.1105527640625 0.42462311562500005 0.1105527640625 0.4597989953125 0.14824120624999998 0.4597989953125 0.14824120624999998 0.42462311562500005
0 0.5402010046875 0.54522613125 0.505025125 0.54522613125 0.505025125 0.5829145734375001 0.5402010046875 0.5829145734375001 0.5402010046875 0.54522613125
0 0.7638190953125 0.5100502515625001 0.6658291453125 0.5100502515625001 0.6658291453125 0.6105527640624999 0.7638190953125 0.6105527640624999 0.7638190953125 0.5100502515625001
0 0.85427135625 0.47487437187500003 0.8140703515625001 0.47487437187500003 0.8140703515625001 0.5125628140625 0.85427135625 0.5125628140625 0.85427135625 0.47487437187500003
0 0.3065326640625 0 0.3065326640625 0.0402010046875 0.422110553125 0.0402010046875 0.422110553125 0 0.3065326640625 0
0 0.5502512562499999 0.5376884421875 0.49497487500000004 0.5376884421875 0.49497487500000004 0.5904522609375 0.5502512562499999 0.5904522609375 0.5502512562499999 0.5376884421875
0 0.16080402031250002 0.41457286406250005 0.09798995 0.41457286406250005 0.09798995 0.46984924687499996 0.16080402031250002 0.46984924687499996 0.16080402031250002 0.41457286406250005
2 0.40201005 0.4623115578125 0.125628140625 0.4623115578125 0.125628140625 0.670854271875 0.40201005 0.670854271875 0.40201005 0.4623115578125