1 0.047619046875 0 0.047619046875 0.996336996875 0.9633699640625 0.996336996875 0.9633699640625 0 0.047619046875 0
0 0.952380953125 0.9157509156250001 0.934065934375 0.9157509156250001 0.934065934375 0.9413919406250001 0.952380953125 0.9413919406250001 0.952380953125 0.9157509156250001
0 0.875457875 0.8717948718749999 0.8571428578125 0.8717948718749999 0.8571428578125 0.897435896875 0.875457875 0.897435896875 0.875457875 0.8717948718749999
0 0.897435896875 0.9230769234375 0.875457875 0.9230769234375 0.875457875 0.9450549453124999 0.897435896875 0.9450549453124999 0.897435896875 0.9230769234375
0 0.959706959375 0.8681318687499999 0.846153846875 0.8681318687499999 0.846153846875 0.952380953125 0.959706959375 0.952380953125 0.959706959375 0.8681318687499999
0 0.9304029296874999 0.8937728937499999 0.9010989015625 0.8937728937499999 0.9010989015625 0.9230769234375 0.9304029296874999 0.9230769234375 0.9304029296874999 0.8937728937499999
0 0.8791208796875001 0.8681318687499999 0.8498168500000001 0.8681318687499999 0.8498168500000001 0.9047619046875001 0.8791208796875001 0.9047619046875001 0.8791208796875001 0.8681318687499999
0 0.9010989015625 0.9157509156250001 0.8681318687499999 0.9157509156250001 0.8681318687499999 0.952380953125 0.9010989015625 0.952380953125 0.9010989015625 0.9157509156250001
0 0.959706959375 0.9084249078125 0.9267399265625 0.9084249078125 0.9267399265625 0.9487179484375 0.959706959375 0.9487179484375 0.959706959375 0.9084249078125
0 0.9267399265625 0.9010989015625 0.9084249078125 0.9010989015625 0.9084249078125 0.9194139187499999 0.9267399265625 0.9194139187499999 0.9267399265625 0.9010989015625
0 0.9706959703125 0.846153846875 0.8205128203125 0.846153846875 0.8205128203125 0.9853479859375 0.9706959703125 0.9853479859375 0.9706959703125 0.846153846875
0 0.9560439562499999 0.9010989015625 0.8681318687499999 0.9010989015625 0.8681318687499999 0.9487179484375 0.9560439562499999 0.9487179484375 0.9560439562499999 0.9010989015625