0 0.8892419203124999 0.07945782812499999 0.8905102859375 0.0961486953125 0.90724876875 0.0944925328125 0.905980403125 0.0778016640625 0.8892419203124999 0.07945782812499999
0 0.21631631406250001 0.958575596875 0.21741172031249997 0.9729904359375 0.23947608593749997 0.9708073109375001 0.23838067812500002 0.9563924703125 0.21631631406250001 0.958575596875
0 0.7716612046875 0.2974743328125 0.772987225 0.31492387499999996 0.7904865484375 0.31319243281250003 0.7891605296875001 0.2957428875 0.7716612046875 0.2974743328125
0 0.944056465625 0.0442234578125 0.9204704203125 0.0465571421875 0.9256591921874999 0.11483796718749999 0.9492452359374999 0.1125042828125 0.944056465625 0.0442234578125
0 0.9498217671875 0.1200910421875 0.94236263125 0.021933734375 0.877089509375 0.020414484375 0.8851503515625 0.12648985468750001 0.9498217671875 0.1200910421875
0 0.9144527015625 0.0379799953125 0.9131817078125 0.021254540625000002 0.8840007828124999 0.020575346875 0.885540775 0.040840640625 0.9144527015625 0.0379799953125
0 0.652472165625 0.1816158109375 0.6639451171874999 0.33259230156249997 0.8252432328125 0.3166329078125 0.8137702828125001 0.1656564171875 0.652472165625 0.1816158109375
0 0.8928271890625 0.7318837968749999 0.8949603500000001 0.7599548046875 0.9238722781250001 0.7570941578125 0.9217391156250001 0.7290231515625 0.8928271890625 0.7318837968749999
0 0.8835701203124999 0.0754327328125 0.8855879765625 0.1019863875 0.9122173828125 0.09935158281249999 0.9101995265625 0.072797928125 0.8835701203124999 0.0754327328125
0 0.75153254375 0.244430553125 0.7528009109375 0.2611214234375 0.770300234375 0.2593899796875 0.7690318671874999 0.2426991109375 0.75153254375 0.244430553125
0 0.7840748140625 0.188468475 0.7857467515625001 0.21047007343750002 0.8070502765625 0.208362228125 0.8053783390625 0.1863606296875 0.7840748140625 0.188468475
0 0.7627730859375 0.29147433125 0.7651945125 0.32333871406250003 0.8009539999999999 0.319800546875 0.7985325734375001 0.2879361640625 0.7627730859375 0.29147433125
0 0.9423626328125 0.021933734375 0.8509248328125001 0.019805495312499997 0.6379445031250001 0.0408785078125 0.6616975484375 0.3534529484375 0.9652727765625 0.3234161625 0.9423626328125 0.021933734375