0 0.58071558125 0.15800867031250002 0.54560890625 0.1542824140625 0.5398455671875 0.18729035 0.5749522406249999 0.19101660625 0.58071558125 0.15800867031250002
0 0.7789288515624999 0.599915571875 0.7587526 0.5977740453125 0.75569305 0.6152967765625 0.7758693 0.6174383031249999 0.7789288515624999 0.599915571875
0 0.6733470984375 0.24421125937500002 0.6604343 0.24284068281249999 0.658086271875 0.25628835781250003 0.6709990718750001 0.2576589359375 0.6733470984375 0.24421125937500002
0 0.5163219796875 0.69157879375 0.498163353125 0.68965141875 0.4957441734375 0.7035066015625 0.5139028 0.7054339765625001 0.5163219796875 0.69157879375
0 0.4641037859375 0.8753025421875 0.41568078750000004 0.8701628781249999 0.4058617640625 0.9263986171875 0.45428476250000005 0.9315382828125 0.4641037859375 0.8753025421875
0 0.7906534796875 0.5916137124999999 0.7515115546875 0.58745915 0.7450366921875 0.6245421375 0.7841786171875 0.6286967 0.7906534796875 0.5916137124999999
0 0.679850278125 0.2399208234375 0.6564458265625001 0.2374366515625 0.6525324484375 0.2598494453125 0.6759368984374999 0.26233361718750003 0.679850278125 0.2399208234375
0 0.9594886812500001 0.5779896734375 0.8816083562499999 0.569723378125 0.8659548406249999 0.6593745578125 0.9438351640624999 0.667640853125 0.9594886812500001 0.5779896734375
0 0.6079154796874999 0.1434632765625 0.52075408125 0.13421188125 0.508515878125 0.2043028046875 0.5956772765625 0.2135542015625 0.6079154796874999 0.1434632765625
0 0.5252696968749999 0.6850574765624999 0.49258417187500003 0.681588203125 0.487816965625 0.7088910625 0.520502490625 0.7123603375 0.5252696968749999 0.6850574765624999
0 0.9609361015625 0.5744077859375001 0.7559454046875 0.552649871875 0.7395092125 0.6467836109375 0.9444999093750001 0.6685415234375001 0.9609361015625 0.5744077859375001
0 0.065418865625 0.6470399546875 0.0420144171875 0.64455578125 0.03867025625 0.663708534375 0.06207470625 0.6661927046875 0.065418865625 0.6470399546875
0 0.7856454859374999 0.5944026171875 0.6831501375 0.5835236625 0.67731564375 0.616939103125 0.77981099375 0.627818059375 0.7856454859374999 0.5944026171875
2 0 0.660434153125 0.9335463890625 0.7595216828125 0.9819351671875 0.4823883453125 0.98573199375 0.37366145 0.0176561625 0.2709089296875 0 0.3720297140625 0 0.660434153125