1 1 0.5263205156249999 0.8677090671875 0.025247754687500002 0.5210218671875 0.0151601875 0.004200528125 0.12028737656249999 0.01944974375 0.5569678031249999 0.1364170734375 1 0.6715602796875 1 1 0.933191721875 1 0.5263205156249999
0 0.46327972500000003 0.7492126546875 0.4859969875 0.8352578718749999 0.5792571703125 0.8162877171874999 0.5565399046875 0.7302425015625 0.46327972500000003 0.7492126546875
0 0.31030615156249997 0.6322411156250001 0.333023415625 0.7182863312500001 0.43476179375 0.69759161875 0.41204453125 0.6115464 0.31030615156249997 0.6322411156250001
0 0.183470046875 0.467642046875 0.21148800625000003 0.57376448125 0.31605245000000004 0.5524949140625 0.2880344921875 0.44637248124999995 0.183470046875 0.467642046875
0 0.014889450000000002 0.42637807499999997 0.018541925 0.53097124375 0.025467617187500003 0.5572033937499999 0.1611187875 0.5296104421875001 0.1278001328125 0.403410790625 0.014889450000000002 0.42637807499999997
0 0.046017984375 0.0936480109375 0.0035717671875000003 0.1022820421875 0.00671556875 0.1923087171875 0.068735246875 0.1796932265625 0.046017984375 0.0936480109375
0 0.6231082781249999 0.768079246875 0.6480972671874999 0.8627289875 0.7526617109375 0.8414594187500001 0.727672721875 0.74680968125 0.6231082781249999 0.768079246875
0 0.1691732703125 1 0.1599450765625 0.9650467578124999 0.12885835 0.9713701421875 0.1364170734375 1 0.1691732703125 1
0 0.11295626562500001 0.9111384890625001 0.20339038125000003 0.8927431875 0.1738579375 0.7808844078125 0.0834238234375 0.7992797078125 0.11295626562500001 0.9111384890625001
0 0.537203046875 0.6344430562500001 0.6000541453125 0.8725014906249999 0.7724441765625001 0.8374354484375001 0.7095930796875 0.5993770125 0.537203046875 0.6344430562500001
2 0.1659845421875 0.18711149062500002 0.2538246296875 0.5198196640625 0.7822989875 0.4123221234375 0.6944589015625 0.07961395 0.1659845421875 0.18711149062500002