0 1 0.153189509375 0.55941409375 0.0298741359375 0.48696139374999997 0.4309495046875 1 0.5745436265625 1 0.153189509375
0 0.6299210000000001 0.338073790625 0.6399529125 0.28254027812500004 0.5704160421875 0.2630776390625 0.5603841296875001 0.3186111515625 0.6299210000000001 0.338073790625
0 1 0.21153085 0.852815796875 0.170335534375 0.8188187609375 0.3585324359375 1 0.40924316406249994 1 0.21153085
0 0.638433265625 0.051990773437500006 0.62895868125 0.10443909062500001 0.676370184375 0.11770907343749999 0.6858447671875 0.06526075625 0.638433265625 0.051990773437500006
0 0.9061978578125001 0.3343711453125 0.9201310703125 0.25724126875 0.8411118999999999 0.23512463125 0.8271786890625 0.312254509375 0.9061978578125001 0.3343711453125
0 0.63211173125 0.050221443750000004 0.61204790625 0.1612884671875 0.887034621875 0.23825436406249997 0.9070984453125 0.1271873390625 0.63211173125 0.050221443750000004
0 0.55665831875 0.26570936875 0.5728208453125 0.1762387078125 0.474837071875 0.148814078125 0.45867454687500003 0.23828473906249997 0.55665831875 0.26570936875
0 0.840004959375 0.2963973359375 0.8544955 0.2161822625 0.7849586296875 0.1967196234375 0.7704680890625 0.2769346953125 0.840004959375 0.2963973359375
0 0.565735628125 0.0316434671875 0.5150187374999999 0.31239622499999997 0.8468992546875 0.4052860984375 0.897616146875 0.1245333421875 0.565735628125 0.0316434671875
0 1 0.153189509375 0.5569678031249999 0.0291894453125 0.1022820421875 0.005360375 0.06322000312500001 0.221595540625 1 0.48379043125 1 0.153189509375
0 0.646098959375 0.3588077609375 0.662261484375 0.2693371 0.561116946875 0.24102780468749999 0.544954421875 0.33049846562499996 0.646098959375 0.3588077609375
2 1 0.6199202234375 0.061937575 0.35736639375 0.028445317187500003 0.5427689906250001 0.0410136828125 0.782587690625 0.8177927515625001 1 0.935380621875 1 1 0.6422874421875 1 0.6199202234375