0 0 0.317901234375 0.009259259374999999 0.317901234375 0.009259259374999999 0.2870370375 0 0.2870370375 0 0.317901234375
0 0 0.3240740734375 0.009259259374999999 0.3240740734375 0.009259259374999999 0.2623456796875 0 0.2623456796875 0 0.3240740734375
0 0 0.42283950625 0.0339506171875 0.42283950625 0.0339506171875 0.2746913578125 0 0.2746913578125 0 0.42283950625
0 0 0.4290123453125 0.0740740734375 0.4290123453125 0.0740740734375 0.240740740625 0 0.240740740625 0 0.4290123453125
0 0.20987654375 0.6944444437499999 0.182098765625 0.6944444437499999 0.182098765625 0.73148148125 0.20987654375 0.73148148125 0.20987654375 0.6944444437499999
0 0.586419753125 0.26851851875 0.5648148140625 0.26851851875 0.5648148140625 0.296296296875 0.586419753125 0.296296296875 0.586419753125 0.26851851875
0 0.6944444437499999 0.39197530937499997 0.6666666671875 0.39197530937499997 0.6666666671875 0.4197530859375 0.6944444437499999 0.4197530859375 0.6944444437499999 0.39197530937499997
0 0.6543209875 0.2623456796875 0.5555555562500001 0.2623456796875 0.5555555562500001 0.3333333328125 0.6543209875 0.3333333328125 0.6543209875 0.2623456796875
0 0 0.3302469140625 0.030864196875 0.3302469140625 0.030864196875 0.27777777812500004 0 0.27777777812500004 0 0.3302469140625
0 0 0.42592592656250006 0.0123456796875 0.42592592656250006 0.0123456796875 0.2716049375 0 0.2716049375 0 0.42592592656250006
0 0 0.37345679062500003 0.027777778125000003 0.37345679062500003 0.027777778125000003 0.2654320984375 0 0.2654320984375 0 0.37345679062500003
0 0 0.3395061734375 0.037037037499999995 0.3395061734375 0.037037037499999995 0.2438271609375 0 0.2438271609375 0 0.3395061734375
0 0.219135803125 0.6851851859375 0.17283950625 0.6851851859375 0.17283950625 0.7376543203125 0.219135803125 0.7376543203125 0.219135803125 0.6851851859375