0 0.7804113671875 0.62479015 0.7905540984375 0.51556616875 0.611737515625 0.51242836875 0.6015947859375 0.62165235 0.7804113671875 0.62479015
0 0.9674759375 0.19730245625 0.9698003140625 0.1722719609375 0.9449018015625 0.1718350515625 0.9425774265625 0.19686554843749998 0.9674759375 0.19730245625
0 0.9821099671875 0.3571037765625 0.9904651 0.3572503890625 0.9912074843750001 0.3253545109375 0.9850682656249999 0.32524678281249997 0.9821099671875 0.3571037765625
0 0.6614414734375 0.6363777609375 0.6635545421875 0.6136227640625 0.6363925296875 0.613146134375 0.634279459375 0.6359011328124999 0.6614414734375 0.6363777609375
0 0.3981553859375 0.419791421875 0.40005714843750007 0.3993119234375 0.37742213750000003 0.398914734375 0.375520375 0.4193942328125 0.3981553859375 0.419791421875
0 0.9398913109375 0.201376828125 0.99407096875 0.20232755 0.9951845468749999 0.1544837328125 0.94432875625 0.1535913375 0.9398913109375 0.201376828125
0 0.652362296875 0.392343234375 0.6542640578125 0.37186373906250003 0.629365546875 0.37142682968749996 0.6274637843749999 0.391906325 0.652362296875 0.392343234375
0 0.7522536953125 0.6106208046875 0.7575363671875001 0.5537333156249999 0.6715233281249999 0.5522239921875001 0.6662406562500001 0.6091114828124999 0.7522536953125 0.6106208046875
0 0.9715803265625 0.20193289375 0.9747499296875001 0.16780040000000002 0.9407974140625001 0.1672046140625 0.9376278109375 0.2013371078125 0.9715803265625 0.20193289375
0 0.6678093625 0.641047915625 0.6707676593749999 0.6091909203125 0.6300246406250001 0.6084759796875 0.6270663437499999 0.640332975 0.6678093625 0.641047915625
0 0.0968018671875 0.710800375 0.10145061875000001 0.6607393828125 0.05618059843749999 0.659945003125 0.051531846874999995 0.7100059953125 0.0968018671875 0.710800375
0 0.922625021875 0.36289758125 0.9903060171875 0.3640852203125 0.9913665671875 0.3185196796875 0.9268511593750001 0.31738758906250003 0.922625021875 0.36289758125
0 0.4065754703125 0.4267767953125 0.4099563796875 0.390368803125 0.36694986093750004 0.3896141421875 0.3635689515625 0.42602213593749994 0.4065754703125 0.4267767953125
0 0.97468554375 0.3638111171875 0.9903060171875 0.36408521875 0.991472621875 0.313963125 0.9793342953125 0.3137501265625 0.97468554375 0.3638111171875
0 0.7460971125 0.6036751484375 0.7494780234375 0.56726715625 0.704208003125 0.566472775 0.7008270921875 0.60288076875 0.7460971125 0.6036751484375
0 0.9158345171875 0.3627784234375 0.9903060171875 0.3640852203125 0.9952375734375 0.15220545624999998 0.9354860609375001 0.1511569609375 0.9158345171875 0.3627784234375
0 0.9241972359374999 0.22389351093749998 0.99354069375 0.225110321875 0.9956617937500001 0.1339792390625 0.9326495124999999 0.132873525 0.9241972359374999 0.22389351093749998
2 0.785117484375 0.720599446875 0.8058255593749999 0.4976004859375 0.088295734375 0.48500956562499997 0.067587659375 0.7080085281249999 0.785117484375 0.720599446875