1 0.9360261421875 1 0.9077871312499999 0.029093834375 0.2453578625 0.040661278125 0.27326043125 1 0.9360261421875 1
0 0.495274928125 0.7191835265625001 0.463541790625 0.7197376546875 0.4643497140625 0.74751543125 0.4960828515625 0.746961303125 0.495274928125 0.7191835265625001
0 0.880804709375 0.875232390625 0.860971496875 0.8755787203125 0.861664003125 0.89938824375 0.8814972140625 0.8990419125000001 0.880804709375 0.875232390625
0 0.8398806171875 0.4233362984375 0.6812149234375 0.4261069453125 0.688255390625 0.6681704359375 0.846921084375 0.6653997921875 0.8398806171875 0.4233362984375
0 0.66919958125 0.422346490625 0.637466440625 0.42290061874999996 0.63838978125 0.45464665000000004 0.6701229203125 0.4540925203125 0.66919958125 0.422346490625
0 0.46442268125 0.8864735859374999 0.4406228296875 0.8868891828125 0.44131533437500003 0.9106987078125 0.4651151875 0.9102831109375 0.46442268125 0.8864735859374999
0 0.8334596843750001 0.0661241765625 0.36936253125 0.0742283140625 0.3869059921875 0.6774029171875 0.8510031453125 0.6692987796875001 0.8334596843750001 0.0661241765625
0 0.8923583828125 0.8631198281250001 0.852691959375 0.8638124890625001 0.853961553125 0.9074632828125001 0.893627975 0.906770621875 0.8923583828125 0.8631198281250001
0 0.502977378125 0.7111084859375 0.4553776703125 0.711939678125 0.45676268125 0.7595587265625 0.5043623875 0.75872753125 0.502977378125 0.7111084859375
0 0.7978209484375001 0.614643684375 0.7700544546875 0.6151285453125 0.771324046875 0.658779340625 0.799090540625 0.658294478125 0.7978209484375001 0.614643684375
0 0.76462983125 0.42862060937499996 0.6813303421875 0.4300752 0.683177021875 0.4935672609375 0.7664765109375 0.4921126734375 0.76462983125 0.42862060937499996
0 0.7792997781250001 0.5236509078125 0.75153328125 0.5241357703125 0.7523412046875 0.551913546875 0.7801077000000001 0.551428684375 0.7792997781250001 0.5236509078125
0 0.47212513281249996 0.878398546875 0.4364253515625 0.8790219421875 0.437579525 0.9187044828125 0.47327930625 0.9180810875000001 0.47212513281249996 0.878398546875
0 0.8354523031250001 0.40753255 0.38325508125 0.4154288890625 0.394335159375 0.79638126875 0.8465323843749999 0.78848493125 0.8354523031250001 0.40753255