1 0.7283018875 0.037735848437500004 0.0981132078125 0.037735848437500004 0.0981132078125 0.996226415625 0.7283018875 0.996226415625 0.7283018875 0.037735848437500004
0 0.5396226421875 0.686792453125 0.5094339625 0.686792453125 0.5094339625 0.713207546875 0.5396226421875 0.713207546875 0.5396226421875 0.686792453125
0 0.1660377359375 0.841509434375 0.14716981093749998 0.841509434375 0.14716981093749998 0.86415094375 0.1660377359375 0.86415094375 0.1660377359375 0.841509434375
0 0.3245283015625 0.41132075468749996 0.17358490625 0.41132075468749996 0.17358490625 0.641509434375 0.3245283015625 0.641509434375 0.3245283015625 0.41132075468749996
0 0.3660377359375 0.40754717031250004 0.33584905625 0.40754717031250004 0.33584905625 0.43773584843749996 0.3660377359375 0.43773584843749996 0.3660377359375 0.40754717031250004
0 0.5660377359375001 0.84528301875 0.5433962265625001 0.84528301875 0.5433962265625001 0.8679245281249999 0.5660377359375001 0.8679245281249999 0.5660377359375001 0.84528301875
0 0.6113207546874999 0.0716981125 0.16981132031249999 0.0716981125 0.16981132031249999 0.64528301875 0.6113207546874999 0.64528301875 0.6113207546874999 0.0716981125
0 0.17358490625 0.8301886796875 0.13584905625000002 0.8301886796875 0.13584905625000002 0.8716981125000001 0.17358490625 0.8716981125000001 0.17358490625 0.8301886796875
0 0.5471698109375 0.6792452828125 0.5018867921875 0.6792452828125 0.5018867921875 0.7245283015624999 0.5471698109375 0.7245283015624999 0.5471698109375 0.6792452828125
0 0.24528301875 0.5924528296875 0.218867925 0.5924528296875 0.218867925 0.6339622640625 0.24528301875 0.6339622640625 0.24528301875 0.5924528296875
0 0.1433962265625 0.9584905656249999 0.1207547171875 0.9584905656249999 0.1207547171875 0.9886792453125001 0.1433962265625 0.9886792453125001 0.1433962265625 0.9584905656249999
0 0.3245283015625 0.4150943390625 0.24528301875 0.4150943390625 0.24528301875 0.47547169843750003 0.3245283015625 0.47547169843750003 0.3245283015625 0.4150943390625
0 0.26037735781250004 0.505660378125 0.2339622640625 0.505660378125 0.2339622640625 0.532075471875 0.26037735781250004 0.532075471875 0.26037735781250004 0.505660378125
0 0.5698113203124999 0.8377358484374999 0.53584905625 0.8377358484374999 0.53584905625 0.8754716984375 0.5698113203124999 0.8754716984375 0.5698113203124999 0.8377358484374999
0 0.6075471703125 0.396226415625 0.177358490625 0.396226415625 0.177358490625 0.7584905656250001 0.6075471703125 0.7584905656250001 0.6075471703125 0.396226415625