1 0.646484375 0.300142896875 0.642578125 0.265004215625 0.6328125 0.21815264218750002 0.6279296875 0.210832084375 0.623046875 0.21815264218750002 0.619140625 0.2503631 0.619140625 0.3352815765625 0.599609375 0.51097498125 0.6083984375 0.5241519859375 0.619140625 0.5256160984375 0.6279296875 0.5241519859375 0.6328125 0.5168314265625 0.646484375 0.3850613765625 0.646484375 0.300142896875
1 0.7880859375 0.3162481265625 0.783203125 0.3323533546875 0.796875 0.3938460453125 0.81640625 0.44362584375 0.822265625 0.4992620875 0.833984375 0.508046759375 0.845703125 0.493405640625 0.84375 0.44948229062499995 0.80078125 0.32942512968750004 0.7880859375 0.3162481265625
3 0.6943359375 0.3894537109375 0.6748046875 0.37774081718749997 0.6474609375 0.3718843703125 0.6484375 0.3850613765625 0.6650390625 0.4011666046875 0.6875 0.437769396875 0.693359375 0.45241051250000003 0.6953125 0.481692746875 0.716796875 0.484620971875 0.720703125 0.481692746875 0.720703125 0.44069761874999996 0.70703125 0.4055589390625 0.6943359375 0.3894537109375
3 0.9716796875 0.629568028125 0.974609375 0.62224746875 0.9619140625 0.597357571875 0.9423828125 0.5885729015625001 0.8916015625 0.6032140187499999 0.8681640625 0.62371158125 0.849609375 0.660314375 0.8564453125 0.6793478265624999 0.8671875 0.6808119375 0.8818359375 0.6617784859375 0.9365234375 0.6266398046874999 0.9599609375 0.6207833578125 0.9716796875 0.629568028125
3 0.119140625 0.1537317265625 0.12890625 0.130305940625 0.1259765625 0.12591360625 0.1064453125 0.140554721875 0.08203125 0.1888704078125 0.052734375 0.29428645000000003 0.044921875 0.3323533546875 0.04296875 0.3821331515625 0.0458984375 0.3894537109375 0.0625 0.3967742703125 0.072265625 0.39091782343750003 0.103515625 0.21815264218750002 0.11328125 0.1888704078125 0.119140625 0.1537317265625
3 0.3359375 0.34699447031249997 0.3056640625 0.2986787859375 0.3017578125 0.2986787859375 0.298828125 0.30892756875 0.322265625 0.3821331515625 0.345703125 0.5021903125 0.37109375 0.5812523421875 0.3779296875 0.5944293484375 0.38671875 0.5958934609375001 0.396484375 0.5871087890625 0.396484375 0.5548983328125 0.369140625 0.44069761874999996 0.3359375 0.34699447031249997
3 0.546875 0.45241051250000003 0.556640625 0.42020005625 0.564453125 0.40848716406249996 0.56640625 0.39091782343750003 0.5615234375 0.38652548750000004 0.5087890625 0.45680284843749996 0.4931640625 0.45680284843749996 0.4658203125 0.4773004125 0.453125 0.5021903125 0.451171875 0.5226878734375 0.4609375 0.5402572140624999 0.4697265625 0.5241519859375 0.4853515625 0.5095108703125 0.5263671875 0.48901330625000006 0.546875 0.45241051250000003
1 0.64453125 0.660314375 0.6357421875 0.6559220390625 0.5595703125 0.7291276234375 0.5029296875 0.7554816343749999 0.494140625 0.7686586390625 0.494140625 0.7803715328124999 0.5009765625 0.7935485375 0.513671875 0.7920844265625 0.5498046875 0.7818356453125 0.5810546875 0.7584098578125 0.640625 0.6808119375 0.64453125 0.660314375
1 0.7119140625 0.846256559375 0.6806640625 0.8726105703125 0.6474609375 0.881395240625 0.6328125 0.8916440203124999 0.6357421875 0.9048210265625001 0.6875 0.9033569140625 0.7197265625 0.8872516859375 0.728515625 0.871146459375 0.7265625 0.85357711875 0.7119140625 0.846256559375
1 0.7333984375 0.8989645796874999 0.7265625 0.9062851390625 0.7265625 0.9267827015625001 0.7392578125 0.9399597078124999 0.7744140625 0.998524175 0.8125 0.9999882875000001 0.814453125 0.9970600624999999 0.802734375 0.9765625 0.7529296875 0.9048210265625001 0.7333984375 0.8989645796874999
3 0.3212890625 0.1288418296875 0.2568359375 0.2079038609375 0.248046875 0.2269373140625 0.248046875 0.25329132187500003 0.263671875 0.25329132187500003 0.3544921875 0.1346982765625 0.359375 0.1127366 0.3505859375 0.10834426562499999 0.3212890625 0.1288418296875
3 0.1826171875 0.2752529984375 0.1796875 0.279645334375 0.181640625 0.30599934375000004 0.177734375 0.3557791421875 0.1875 0.43191294999999996 0.1923828125 0.4450899546875 0.2001953125 0.43630528437500005 0.208984375 0.44948229062499995 0.216796875 0.481692746875 0.2412109375 0.5241519859375 0.2626953125 0.5475777734375 0.267578125 0.5461136609375 0.251953125 0.48754919374999994 0.212890625 0.39091782343750003 0.193359375 0.288430003125 0.1826171875 0.2752529984375
3 0.2666015625 0.550505996875 0.2412109375 0.5241519859375 0.22265625 0.49633386562500004 0.20703125 0.446554065625 0.1982421875 0.43630528437500005 0.193359375 0.4553387375 0.20703125 0.5256160984375 0.234375 0.5724676734374999 0.240234375 0.5958934609375001 0.2548828125 0.617855134375 0.26171875 0.6193192468750001 0.27734375 0.6046781296875 0.283203125 0.5929652359375 0.283203125 0.5812523421875 0.2666015625 0.550505996875
3 0.0830078125 0.35138680624999996 0.078125 0.3557791421875 0.076171875 0.3762767046875 0.0791015625 0.380669040625 0.1357421875 0.44216173124999997 0.1572265625 0.45680284843749996 0.1669921875 0.4802286359375 0.17578125 0.478764525 0.177734375 0.46705163125000004 0.16796875 0.437769396875 0.1513671875 0.40995127499999995 0.0830078125 0.35138680624999996
3 0.0185546875 0.2196167546875 0.0146484375 0.2196167546875 0.01171875 0.2240090890625 0.013671875 0.25329132187500003 0.025390625 0.29428645000000003 0.03515625 0.3557791421875 0.04296875 0.3704202578125 0.044921875 0.3323533546875 0.052734375 0.297214675 0.029296875 0.23865020625 0.0185546875 0.2196167546875
3 0.078125 0.0014641109375 0.0673828125 0 0.056640625 0.027818123437499998 0.056640625 0.05417213125 0.068359375 0.12444949375 0.0703125 0.16837284531250002 0.080078125 0.1859421859375 0.083984375 0.1742292921875 0.083984375 0.10688015312500002 0.0703125 0.0336745703125 0.078125 0.0014641109375
3 0.2255859375 0.1581240625 0.2158203125 0.16690873281250002 0.197265625 0.20643974843750001 0.19140625 0.279645334375 0.19921875 0.311855790625 0.203125 0.314784015625 0.23046875 0.1917986328125 0.25 0.1654446203125 0.2470703125 0.1551958390625 0.2255859375 0.1581240625
3 0.341796875 0.3616355890625 0.353515625 0.3938460453125 0.376953125 0.3557791421875 0.3740234375 0.3426021359375 0.3564453125 0.345530359375 0.341796875 0.3616355890625
3 0.30859375 0.43191294999999996 0.296875 0.508046759375 0.30078125 0.5695394484375 0.310546875 0.5695394484375 0.3359375 0.46705163125000004 0.33203125 0.428984725 0.3232421875 0.4011666046875 0.30859375 0.43191294999999996
3 0.322265625 0.3850613765625 0.3095703125 0.380669040625 0.2919921875 0.3894537109375 0.2392578125 0.43630528437500005 0.234375 0.446554065625 0.25 0.4758363 0.2705078125 0.45094640156250004 0.3115234375 0.415807721875 0.322265625 0.3997024921875 0.322265625 0.3850613765625
3 0.146484375 0.265004215625 0.154296875 0.300142896875 0.169921875 0.34699447031249997 0.177734375 0.3557791421875 0.181640625 0.291358228125 0.1669921875 0.26061188125 0.1513671875 0.254755434375 0.146484375 0.265004215625
3 0.0361328125 0.2488989875 0.0625 0.247434875 0.0673828125 0.2254732015625 0.0419921875 0.2254732015625 0.03125 0.23279375937500002 0.0361328125 0.2488989875
3 0.09765625 0.2503631 0.09765625 0.27086066249999996 0.119140625 0.30599934375000004 0.125 0.32356868437499997 0.130859375 0.3792049296875 0.13671875 0.3938460453125 0.140625 0.3938460453125 0.134765625 0.276717109375 0.1181640625 0.2459707640625 0.1025390625 0.23718609375000002 0.09765625 0.2503631
3 0.21000000000000002 0.6011993999999999 0.229 0.5952023984375 0.22799999999999998 0.5682158921875 0.193 0.500749625 0.17099999999999999 0.48725637187500004 0.126 0.48425787031249995 0.126 0.49475262343750004 0.159 0.5157421296875 0.176 0.5592203890625 0.21000000000000002 0.6011993999999999