1 0.98828125 0.27378888749999997 0.986328125 0.24157842812500002 0.990234375 0.2298655359375 0.990234375 0.2035115265625 0.9833984375 0.19326274375000002 0.9560546875 0.187406296875 0.9384765625 0.19326274375000002 0.935546875 0.20058330156249998 0.927734375 0.25329132187500003 0.935546875 0.300142896875 0.935546875 0.3352815765625 0.9296875 0.3733484828125 0.923828125 0.3850613765625 0.919921875 0.43191294999999996 0.9140625 0.446554065625 0.916015625 0.469979853125 0.9228515625 0.4802286359375 0.9296875 0.481692746875 0.94140625 0.469979853125 0.96484375 0.426056503125 0.974609375 0.39091782343750003 0.98828125 0.27378888749999997
1 1 0.5958934609375001 0.9990234375 0.550505996875 0.9765625 0.5841805671875 0.970703125 0.6046781296875 0.96875 0.6427450343750001 0.974609375 0.67202726875 0.9658203125 0.6676349328125 0.96484375 0.6778837156249999 0.9755859375 0.688132496875 0.98046875 0.686668384375 0.990234375 0.674955490625 0.986328125 0.6251756937499999 0.9921875 0.6046781296875 1 0.5958934609375001
1 0.6962890625 0.05563624375 0.736328125 0.05710035625 0.7900390625 0.03513868125 0.826171875 0.0014641109375 0.650390625 0.0014641109375 0.6962890625 0.05563624375
1 0.619140625 0.4026307171875 0.634765625 0.3557791421875 0.6640625 0.29428645000000003 0.6845703125 0.26061188125 0.712890625 0.23279375937500002 0.7060546875 0.1727651796875 0.6708984375 0.2020474140625 0.64453125 0.24157842812500002 0.59765625 0.3499226953125 0.58984375 0.4026307171875 0.58984375 0.44362584375 0.595703125 0.472908078125 0.607421875 0.4992620875 0.607421875 0.5314725453125 0.6171875 0.5344007671875 0.619140625 0.484620971875 0.615234375 0.469979853125 0.615234375 0.437769396875 0.619140625 0.4026307171875
1 0.5888671875 0.7349840703125 0.5537109375 0.708630059375 0.5439453125 0.69398894375 0.5205078125 0.6852042734375 0.501953125 0.65738615 0.490234375 0.62224746875 0.490234375 0.607606353125 0.53125 0.4553387375 0.54296875 0.3762767046875 0.541015625 0.3382098015625 0.552734375 0.314784015625 0.564453125 0.24450665312500003 0.564453125 0.2298655359375 0.5595703125 0.22254497812500001 0.5322265625 0.21668853124999998 0.5244140625 0.2020474140625 0.5205078125 0.2020474140625 0.517578125 0.22108086718750003 0.521484375 0.23865020625 0.5068359375 0.2488989875 0.49609375 0.27086066249999996 0.482421875 0.41141538593750004 0.46484375 0.461195184375 0.447265625 0.5431854390625 0.443359375 0.5783241203125 0.4453125 0.631032140625 0.46875 0.686668384375 0.4931640625 0.7174147296875 0.5478515625 0.7642663046875 0.578125 0.7745150859375001 0.6083984375 0.767194528125 0.615234375 0.7598739703125 0.623046875 0.7305917359375 0.5888671875 0.7349840703125
1 0.2548828125 0.313319903125 0.2392578125 0.3396739125 0.2294921875 0.3367456890625 0.22265625 0.3264969078125 0.203125 0.288430003125 0.197265625 0.1742292921875 0.189453125 0.1478752796875 0.18359375 0.0922390375 0.1806640625 0.08784670156249999 0.1416015625 0.08784670156249999 0.138671875 0.0922390375 0.140625 0.13323416562499998 0.162109375 0.16251639843750001 0.169921875 0.20643974843750001 0.177734375 0.22108086718750003 0.185546875 0.25914776875 0.1875 0.303071121875 0.18359375 0.3206404625 0.18359375 0.3557791421875 0.2099609375 0.380669040625 0.234375 0.3821331515625 0.2412109375 0.380669040625 0.2578125 0.3587073640625 0.263671875 0.3177122375 0.2548828125 0.313319903125
0 0.1943359375 0.03513868125 0.1455078125 0.03513868125 0.1044921875 0.0234257875 0.07421875 0.021961676562499997 0.0791015625 0.0380669046875 0.1162109375 0.073205584375 0.1416015625 0.08784670156249999 0.16796875 0.0893108125 0.2119140625 0.0673491375 0.21484375 0.062956803125 0.212890625 0.048315685937500005 0.1943359375 0.03513868125
1 0.302734375 0.5636830015625 0.2939453125 0.5417213265624999 0.2744140625 0.5534342203125 0.263671875 0.5753958953125 0.248046875 0.639816809375 0.24609375 0.666170821875 0.2431640625 0.67056315625 0.220703125 0.666170821875 0.220703125 0.67202726875 0.2431640625 0.6998453890625 0.251953125 0.6983812781250001 0.263671875 0.6837401625 0.287109375 0.6251756937499999 0.287109375 0.5812523421875 0.302734375 0.5636830015625
1 0.3466796875 0.278181221875 0.34375 0.28257355624999997 0.34765625 0.32942512968750004 0.341796875 0.3499226953125 0.341796875 0.3792049296875 0.328125 0.41141538593750004 0.326171875 0.45241051250000003 0.3310546875 0.459731071875 0.34375 0.461195184375 0.37109375 0.3704202578125 0.373046875 0.291358228125 0.3662109375 0.278181221875 0.3466796875 0.278181221875
1 0.30078125 0.833079553125 0.30859375 0.7686586390625 0.306640625 0.7364481828125 0.31640625 0.7247352890625 0.3203125 0.7013095015624999 0.2900390625 0.6793478265624999 0.283203125 0.660314375 0.2763671875 0.6559220390625 0.267578125 0.66909904375 0.265625 0.6808119375 0.251953125 0.6983812781250001 0.248046875 0.7130223953125 0.251953125 0.7540175234375 0.244140625 0.7745150859375001 0.248046875 0.80379731875 0.244140625 0.8770029062500001 0.25390625 0.9238544796875001 0.25390625 0.9560649359375001 0.248046875 0.9970600624999999 0.298828125 0.9970600624999999 0.306640625 0.9297109265625 0.306640625 0.9033569140625 0.30078125 0.87407468125 0.30078125 0.833079553125
1 0.404296875 0.7218070640625001 0.3984375 0.7013095015624999 0.400390625 0.6808119375 0.3798828125 0.68227605 0.37890625 0.6983812781250001 0.365234375 0.7100941703125 0.369140625 0.674955490625 0.392578125 0.6046781296875 0.3984375 0.5431854390625 0.388671875 0.5197596515625 0.3544921875 0.47144396562499996 0.3388671875 0.459731071875 0.3291015625 0.459731071875 0.326171875 0.478764525 0.3466796875 0.4919415296875 0.36328125 0.5168314265625 0.36328125 0.5461136609375 0.359375 0.5607547796875 0.361328125 0.6134628 0.3515625 0.631032140625 0.3515625 0.65738615 0.359375 0.674955490625 0.359375 0.689596609375 0.3515625 0.7130223953125 0.3515625 0.7335199578125 0.353515625 0.7598739703125 0.365234375 0.79501265 0.36328125 0.8799311281250001 0.373046875 0.9326391484375 0.3994140625 0.998524175 0.453125 0.9970600624999999 0.412109375 0.868218234375 0.40625 0.833079553125 0.408203125 0.7628021921875 0.404296875 0.7218070640625001
1 0.2314453125 0.1493393921875 0.22265625 0.1771575140625 0.2119140625 0.19326274375000002 0.19921875 0.1976550796875 0.201171875 0.25621954687500004 0.2041015625 0.26061188125 0.22265625 0.25914776875 0.2509765625 0.2342578703125 0.267578125 0.20058330156249998 0.2431640625 0.14641116875 0.2314453125 0.1493393921875
1 0.58984375 0.311855790625 0.595703125 0.28550178125 0.5849609375 0.272324775 0.578125 0.288430003125 0.560546875 0.4055589390625 0.560546875 0.428984725 0.564453125 0.428984725 0.5703125 0.42020005625 0.572265625 0.4026307171875 0.591796875 0.3440662484375 0.58984375 0.311855790625
1 0.0874988734375 0.1241288515625 0.0885909140625 0.1503438359375 0.1016954484375 0.148705403125 0.11370790625 0.132321071875 0.120260228125 0.11102133125 0.1257203984375 0.0880832109375 0.12790455625 0.0618682 0.13445680468750001 0.03237631875 0.1410090546875 0.011076632812499999 0.14210113124999998 0 0.12462839375000001 0.0012460062500000001 0.096218134375 0.003826753125 0.0951431625 0.0192688265625 0.08968295625 0.0503991390625 0.08968295625 0.0815294515625 0.0874988734375 0.1241288515625
1 0.358325940625 0.25523489375 0.3659702671875 0.278173040625 0.3768907546875 0.3011111609375 0.38562708749999997 0.314218625 0.3943634203125 0.3322414453125 0.40309982499999997 0.340433665625 0.412928234375 0.3486258328125 0.42494072968749996 0.35517961875 0.431492978125 0.3502642640625 0.431492978125 0.3322414453125 0.41729640156250003 0.3191339796875 0.41183615625 0.3076648921875 0.39763958125 0.28472677343749997 0.39108733125 0.27489611875 0.38235092656249997 0.251958 0.38016684375 0.22901987968749998 0.37907483750000004 0.2044433015625 0.37907483750000004 0.18478204843749998 0.37907483750000004 0.1602054671875 0.36706234531250004 0.158567034375 0.35941801875 0.16348233437499998 0.34365465781250004 0.171303184375 0.34740552343750003 0.19461267499999998 0.34740552343750003 0.20608173281250003 0.35614185625 0.240488940625 0.358325940625 0.25523489375
1 0.5505258328125 0.6140838046875 0.5505258328125 0.6402987921875 0.5494338296875 0.6599600437500001 0.543973584375 0.6796213515625 0.53960541875 0.696005684375 0.526500846875 0.7173054249999999 0.5046600156250001 0.730412890625 0.49810769375 0.7467972781250001 0.48500319531249997 0.7500741421875 0.4675304578125 0.7500741421875 0.4467816328125 0.7533510640625 0.43476913906250003 0.7582663640625 0.419480484375 0.7697353953125 0.412928234375 0.78448135 0.412928234375 0.7975888703125 0.41729640156250003 0.8172501234375 0.42930889531250005 0.8106963890625 0.44241339375 0.80250416875 0.448965715625 0.80250416875 0.46971454062499995 0.80250416875 0.47735886875 0.8057810359375001 0.493739528125 0.8057810359375001 0.516672509375 0.804142603125 0.5363292562499999 0.7975888703125 0.5494338296875 0.7828429156250001 0.561446321875 0.7664585296875 0.5800110640625 0.7435204109375 0.6040360515625001 0.7353282437499999 0.61932470625 0.7222207234375 0.62260079375 0.691090384375 0.61932470625 0.6615985328125 0.618232628125 0.627191325 0.6138644625 0.600976284375 0.6127723828125 0.5747613 0.6127723828125 0.5469078265625 0.606220134375 0.515777540625 0.5963917234375 0.515777540625 0.578919059375 0.517415975 0.5658144875 0.5223312734375 0.561446321875 0.5223312734375 0.5430452546875 0.5206626234375 0.5450656625 0.5452693921875 0.5461576671875 0.5682075125 0.5472497453125 0.58623033125 0.5505258328125 0.6140838046875