3 0 0.0009765625 0.0014641109375 0.009765625 0.051243909374999994 0.02734375 0.12444949375 0.0703125 0.1390906109375 0.072265625 0.15080350468749998 0.080078125 0.16983695625 0.0791015625 0.199119190625 0.0478515625 0.11859304687500001 0.0078125 0.10102370624999998 0 0 0.0009765625
3 0.013177004687499999 0.013671875 0.0014641109375 0.013671875 0 0.0615234375 0.0102487828125 0.06640625 0.0395310171875 0.06640625 0.0468515734375 0.0849609375 0.0761338078125 0.1025390625 0.0761338078125 0.1162109375 0.0819902546875 0.1162109375 0.1346982765625 0.0947265625 0.12591360625 0.0732421875 0.05417213125 0.029296875 0.013177004687499999 0.013671875
3 0.24157842812500002 0 0.243042540625 0.0322265625 0.266468328125 0.0712890625 0.2869658921875 0.1005859375 0.3045352328125 0.1025390625 0.33381746562500003 0.0927734375 0.3045352328125 0.0302734375 0.2986787859375 0.0029296875 0.29428645000000003 0 0.24157842812500002 0
3 0.664706709375 0.5419921875 0.6266398046874999 0.4384765625 0.606142240625 0.3974609375 0.57978823125 0.3759765625 0.5651471140625 0.3466796875 0.5300084328125 0.3232421875 0.4773004125 0.2646484375 0.437769396875 0.236328125 0.428984725 0.234375 0.424592390625 0.2392578125 0.453874625 0.2646484375 0.4977979765625 0.3232421875 0.5036544234375 0.3427734375 0.5007262 0.3603515625 0.5212237625 0.3857421875 0.5182955390624999 0.3935546875 0.5241519859375 0.3974609375 0.5212237625 0.4189453125 0.5534342203125 0.4853515625 0.5710035609374999 0.5478515625 0.5885729015625001 0.5810546875 0.6002857953125 0.6259765625 0.617855134375 0.6572265625 0.641280921875 0.7294921875 0.67056315625 0.7861328125 0.6852042734375 0.8017578125 0.69398894375 0.8037109375 0.7027736124999999 0.7763671875 0.688132496875 0.6337890625 0.6734913796875001 0.5947265625 0.664706709375 0.5419921875
3 0.9399597078124999 0.4013671875 0.9004286921875 0.375 0.8828593515625001 0.373046875 0.8491847828125 0.3916015625 0.846256559375 0.4013671875 0.8726105703125 0.4365234375 0.9282468140625 0.4677734375 0.9267827015625001 0.47265625 0.9062851390625 0.474609375 0.9018928031250001 0.4794921875 0.9311750375000001 0.5302734375 0.948744378125 0.5810546875 0.948744378125 0.6064453125 0.9341032609375001 0.6787109375 0.8989645796874999 0.7333984375 0.9033569140625 0.73828125 0.9106774734374999 0.7373046875 0.96631371875 0.7021484375 0.9955959515625 0.6611328125 0.998524175 0.4814453125 0.9399597078124999 0.4013671875
3 0.9223903671875 0.2841796875 0.9106774734374999 0.2666015625 0.881395240625 0.2431640625 0.859433565625 0.232421875 0.838936 0.232421875 0.816974325 0.2470703125 0.8257589953125001 0.2685546875 0.8433283359375 0.2900390625 0.8374718890624999 0.3037109375 0.8155102125000001 0.314453125 0.79501265 0.30859375 0.78476386875 0.3095703125 0.7906203140625 0.3271484375 0.8184384375 0.345703125 0.846256559375 0.3447265625 0.8975004671875 0.330078125 0.9165339203125 0.3154296875 0.925318590625 0.3017578125 0.9223903671875 0.2841796875
3 0.743768740625 0.3583984375 0.7174147296875 0.3369140625 0.708630059375 0.3193359375 0.6559220390625 0.2626953125 0.6251756937499999 0.248046875 0.607606353125 0.234375 0.5900370140625 0.232421875 0.5695394484375 0.236328125 0.562218890625 0.2509765625 0.5710035609374999 0.2685546875 0.585644678125 0.2744140625 0.585644678125 0.2841796875 0.6090704640625 0.3134765625 0.6559220390625 0.3564453125 0.6676349328125 0.3740234375 0.708630059375 0.4033203125 0.7628021921875 0.435546875 0.8418642249999999 0.46484375 0.8799311281250001 0.474609375 0.9223903671875 0.4736328125 0.9282468140625 0.4697265625 0.9179980328124999 0.462890625 0.83015133125 0.41796875 0.743768740625 0.3583984375
3 0.743768740625 0.6416015625 0.743768740625 0.6103515625 0.7349840703125 0.5947265625 0.7291276234375 0.5361328125 0.708630059375 0.4951171875 0.686668384375 0.4765625 0.654457928125 0.482421875 0.6471373687499999 0.4931640625 0.688132496875 0.6318359375 0.7027736124999999 0.7783203125 0.7261993999999999 0.8505859375 0.7305917359375 0.85546875 0.73791229375 0.8544921875 0.7525534109375001 0.8408203125 0.767194528125 0.8154296875 0.7642663046875 0.7197265625 0.743768740625 0.6416015625
3 0.3499226953125 0.03125 0.30599934375000004 0.021484375 0.3045352328125 0.0283203125 0.32503279687500003 0.0732421875 0.3440662484375 0.08984375 0.368956146875 0.0966796875 0.380669040625 0.0712890625 0.41141538593750004 0.0703125 0.41287949843750005 0.0673828125 0.3499226953125 0.03125
3 0.778907421875 0.5712890625 0.7701227515625 0.5400390625 0.6998453890625 0.4443359375 0.686668384375 0.4375 0.674955490625 0.4375 0.6793478265624999 0.4599609375 0.708630059375 0.4931640625 0.7291276234375 0.5361328125 0.7349840703125 0.5908203125 0.743768740625 0.6083984375 0.7496251875 0.6435546875 0.7818356453125 0.6748046875 0.8008690968750001 0.6875 0.8140461015625 0.6884765625 0.816974325 0.6708984375 0.799404984375 0.6416015625 0.7935485375 0.5966796875 0.778907421875 0.5712890625
3 0.6251756937499999 0.056640625 0.5871087890625 0.048828125 0.5490418859374999 0.033203125 0.478764525 0.0390625 0.46558751875000004 0.0439453125 0.4626592953125 0.0498046875 0.472908078125 0.0546875 0.493405640625 0.0546875 0.51097498125 0.0625 0.5373289921875 0.064453125 0.5578265546875001 0.07421875 0.64860148125 0.09765625 0.64567325625 0.1015625 0.616391021875 0.09375 0.5871087890625 0.09375 0.5827164546875 0.1025390625 0.660314375 0.138671875 0.7013095015624999 0.140625 0.7232711765625 0.1630859375 0.7232711765625 0.1689453125 0.73791229375 0.1748046875 0.7554816343749999 0.1689453125 0.7466969640625 0.1318359375 0.663242596875 0.07421875 0.6251756937499999 0.056640625
3 0.9502084890625 0 0.9136056968749999 0.0361328125 0.8608976765625 0.0673828125 0.8345436656249999 0.1083984375 0.836007778125 0.111328125 0.8916440203124999 0.1015625 0.9150698078125 0.1015625 0.9633854953125001 0.1162109375 0.9780266109375001 0.1005859375 0.9955959515625 0.0673828125 0.9970600624999999 0 0.9502084890625 0