0 0.119140625 0.0541198421875 0.1123046875 0.038485221874999996 0.0810546875 0.0216479375 0.0615234375 0.0360798953125 0.0537109375 0.0360798953125 0.046875 0.049309189062499995 0.048828125 0.184007465625 0.052734375 0.1984394234375 0.0546875 0.24654595 0.0625 0.282625846875 0.0859375 0.3451643328125 0.095703125 0.3523803109375 0.10546875 0.2970578046875 0.107421875 0.2032500765625 0.115234375 0.15273822343750001 0.119140625 0.0541198421875
1 0.16015625 0.3403536796875 0.154296875 0.32351639374999996 0.1474609375 0.315097753125 0.1337890625 0.3199084046875 0.1162109375 0.3126924265625 0.1015625 0.318705740625 0.099609375 0.3427590046875 0.0947265625 0.3535829734375 0.083984375 0.3499749859375 0.083984375 0.36681226875 0.087890625 0.3980815125 0.111328125 0.48948391406249997 0.115234375 0.5183478296875 0.111328125 0.6097502312499999 0.1162109375 0.6205742 0.12109375 0.6193715375 0.140625 0.58810229375 0.158203125 0.5351851140624999 0.1640625 0.3764335734375 0.16015625 0.3403536796875
1 0.056640625 0.39086553125 0.060546875 0.4461880390625 0.091796875 0.54480641875 0.1064453125 0.5676570203125 0.115234375 0.5688596828125 0.111328125 0.48948391406249997 0.087890625 0.3980815125 0.0830078125 0.3535829734375 0.056640625 0.39086553125
1 0.380859375 0.3764335734375 0.392578125 0.3114897640625 0.392578125 0.2874365 0.3818359375 0.2621805734375 0.3525390625 0.25496459374999997 0.3388671875 0.259775246875 0.326171875 0.285031171875 0.32421875 0.39086553125 0.341796875 0.5255638078125 0.35546875 0.5664543578125001 0.357421875 0.58569696875 0.365234375 0.58810229375 0.37109375 0.5784809875 0.376953125 0.549617071875 0.376953125 0.43175608125 0.380859375 0.3764335734375
1 0.43359375 0.5953182734375 0.431640625 0.5664543578125001 0.4248046875 0.5532250609375 0.4169921875 0.5580357140625 0.4013671875 0.5532250609375 0.3896484375 0.560441040625 0.3779296875 0.5580357140625 0.369140625 0.58569696875 0.353515625 0.5929129453125 0.353515625 0.6265875140625 0.361328125 0.6650727359374999 0.359375 0.7709070953125 0.3671875 0.8238242765624999 0.375 0.8262296031249999 0.390625 0.8021763406250001 0.404296875 0.758880465625 0.41796875 0.650640778125 0.43359375 0.5953182734375
1 0.33203125 0.46061999687500005 0.3193359375 0.449796028125 0.3095703125 0.449796028125 0.2958984375 0.4570120078125 0.283203125 0.47745728125 0.28515625 0.5207531546874999 0.30078125 0.5688596828125 0.296875 0.6289928421875 0.302734375 0.6722887171874999 0.3125 0.7131792640625 0.322265625 0.73001655 0.3427734375 0.7504618234375 0.3515625 0.7516644859375 0.34375 0.6626674109375 0.34765625 0.54240109375 0.337890625 0.506321196875 0.33203125 0.46061999687500005
1 0.4921875 0.36440694375 0.4921875 0.3379483515625 0.48046875 0.294652478125 0.48046875 0.25135660312499997 0.486328125 0.22730334062500002 0.4677734375 0.2068580671875 0.4375 0.215276709375 0.4296875 0.3114897640625 0.431640625 0.438972059375 0.439453125 0.47505195625 0.4609375 0.5231584828125 0.4609375 0.537590440625 0.46484375 0.539995765625 0.470703125 0.537590440625 0.4765625 0.515942503125 0.4765625 0.44859336406250006 0.4921875 0.36440694375
1 0.6064453125 0.216479371875 0.52734375 0.3042737828125 0.52734375 0.3114897640625 0.5341796875 0.315097753125 0.552734375 0.31389508906249997 0.5947265625 0.3030711203125 0.609375 0.289841825 0.611328125 0.25376193125 0.6064453125 0.216479371875
1 0.669921875 0.244140625 0.6552734375 0.182804803125 0.6396484375 0.1803994765625 0.6298828125 0.194831434375 0.62109375 0.1984394234375 0.6328125 0.26578856093750003 0.634765625 0.3379483515625 0.6259765625 0.35598830000000004 0.611328125 0.36440694375 0.615234375 0.36681226875 0.6357421875 0.35598830000000004 0.642578125 0.3475696578125 0.6640625 0.3042737828125 0.669921875 0.244140625
3 0.923828125 0.4149187953125 0.912109375 0.39086553125 0.912109375 0.36681226875 0.916015625 0.3547856375 0.9130859375 0.34636699531250004 0.89453125 0.3692175953125 0.880859375 0.42694542812499997 0.87890625 0.48467326093749996 0.890625 0.539995765625 0.900390625 0.5616437046875 0.921875 0.6362088203125 0.94140625 0.684315346875 0.95703125 0.7107739390625001 0.9658203125 0.7191925796875 0.97265625 0.717989915625 0.958984375 0.5664543578125001 0.951171875 0.537590440625 0.9453125 0.4822679328125 0.923828125 0.4149187953125
1 0.513671875 0.51113185 0.5048828125 0.505118534375 0.4912109375 0.5099291874999999 0.4775390625 0.5075238609375 0.474609375 0.5303744609375001 0.462890625 0.54240109375 0.4609375 0.5520223984375 0.455078125 0.6482354531250001 0.462890625 0.686720675 0.4609375 0.6915313281250001 0.46875 0.693936653125 0.498046875 0.6434248 0.515625 0.5760756625 0.517578125 0.5207531546874999 0.513671875 0.51113185
1 0.5283203125 0.7841363921875 0.5205078125 0.78894704375 0.5087890625 0.7841363921875 0.5029296875 0.78654171875 0.498046875 0.7925550343750001 0.498046875 0.8166082984375 0.513671875 0.869525478125 0.5341796875 0.8971867296875 0.5703125 0.9176320046875001 0.572265625 0.9080107 0.552734375 0.87433613125 0.533203125 0.79014970625 0.5283203125 0.7841363921875
1 0.5703125 0.7035579578125 0.5634765625 0.6879233375 0.5361328125 0.67830203125 0.5234375 0.6987473046875 0.52734375 0.7685017703125 0.546875 0.8142029703125001 0.560546875 0.835850909375 0.564453125 0.8574988453125 0.572265625 0.8574988453125 0.578125 0.8478775390625 0.578125 0.82141895 0.572265625 0.8021763406250001 0.5703125 0.7035579578125
3 0.3730218234375 0.09031383125 0.36841538125 0.118699640625 0.3699508265625 0.13383871875 0.3730218234375 0.1546549734375 0.382234809375 0.167901703125 0.38684135468749997 0.181148403125 0.40373188125 0.1887179578125 0.41448041562500004 0.1943951015625 0.42062240624999997 0.2038570375 0.4098738703125 0.21710376718750002 0.3914478984375 0.2133189421875 0.3791638140625 0.2057494171875 0.374557371875 0.2133189421875 0.37609281875 0.22467329062500002 0.3776283671875 0.23792002031249998 0.382234809375 0.25495144999999997 0.3899123484375 0.2663057984375 0.397589890625 0.27955252812500003 0.40373188125 0.2890144328125 0.4160158625 0.2984763375 0.42522895156249996 0.275767703125 0.428299946875 0.25305906875 0.43751293437500005 0.21899614843749998 0.44519047343749996 0.19250271875 0.443654925 0.1565473546875 0.4528680140625 0.1262691953125 0.4620810015625 0.08842145 0.4620810015625 0.05246611718750001 0.463616446875 0.0202955453125 0.46515199531249996 0.0032640546875000002 0.44519047343749996 0 0.43597748750000004 0.001371671875 0.43137094375 0.001371671875 0.42215795624999997 0.001371671875 0.4129448671875 0.001371671875 0.40526742968749996 0.001371671875 0.3852491375 0 0.3914478984375 0.02975745 0.388376903125 0.0505737046875 0.3791638140625 0.0713899578125 0.3730218234375 0.09031383125
3 0.5650000000000001 0.5985221671875001 0.571 0.5985221671875001 0.5730000000000001 0.586206896875 0.568 0.56280788125 0.5509999999999999 0.5246305421875 0.5309999999999999 0.50369458125 0.519 0.5123152703125 0.519 0.5270935953125 0.525 0.5431034484375 0.5589999999999999 0.58497536875 0.5650000000000001 0.5985221671875001
1 0.5572821703125 0.5255985265625001 0.56649515625 0.55019954375 0.572637146875 0.5634462734375 0.5803146875 0.586154909375 0.5910632234375 0.5615538921875001 0.5972052140625 0.5445224 0.5910632234375 0.5218137656249999 0.581850134375 0.48964322656250003 0.574172696875 0.480181259375 0.5695661515625 0.463149765625 0.5541401796875001 0.45368668906250004 0.5557466203125 0.474504115625 0.5557466203125 0.49342798749999994 0.5496046296875 0.5066746546875 0.5572821703125 0.5255985265625001
3 0.1089153875 0.722442559375 0.111986484375 0.74515119375 0.10584439062499999 0.767859828125 0.119663921875 0.7754293515625 0.1258059125 0.7602902406250001 0.13501900312499998 0.7337968453125 0.1457675390625 0.7054110671875 0.147302984375 0.6732404640625 0.142696440625 0.658101415625 0.13194800625 0.6372851625 0.1181284765625 0.6221460515625 0.1027733953125 0.6145765265625001 0.08462308125 0.6200818046875 0.0904894140625 0.650531828125 0.0981669546875 0.6751328453125 0.1027733953125 0.6978414796875 0.1089153875 0.722442559375