1 0.24609375 0.6339603625 0.2431640625 0.6207833578125 0.2294921875 0.6119986875000001 0.2265625 0.616391021875 0.20703125 0.69545305625 0.171875 0.7803715328124999 0.13671875 0.8155102125000001 0.1396484375 0.8199025484375 0.15625 0.8184384375 0.1826171875 0.799404984375 0.21484375 0.7452328515625 0.236328125 0.686668384375 0.24609375 0.6339603625
1 0.349609375 0.6193192468750001 0.345703125 0.7481610765625 0.3525390625 0.76133808125 0.373046875 0.7657304171875 0.3671875 0.7305917359375 0.376953125 0.5841805671875 0.3642578125 0.573931784375 0.349609375 0.6193192468750001
1 0.392578125 0.288430003125 0.400390625 0.3440662484375 0.3984375 0.3733484828125 0.4013671875 0.37774081718749997 0.419921875 0.3762767046875 0.419921875 0.311855790625 0.4140625 0.279645334375 0.3955078125 0.2752529984375 0.392578125 0.288430003125
1 0.66015625 0.3528509171875 0.666015625 0.27086066249999996 0.6552734375 0.26061188125 0.646484375 0.265004215625 0.638671875 0.303071121875 0.6328125 0.3528509171875 0.634765625 0.3850613765625 0.646484375 0.3733484828125 0.6494140625 0.36017147656250004 0.6552734375 0.36309969999999997 0.66015625 0.3528509171875
1 0.548828125 0.247434875 0.5419921875 0.19326274375000002 0.521484375 0.1976550796875 0.521484375 0.311855790625 0.525390625 0.34699447031249997 0.513671875 0.3938460453125 0.513671875 0.3997024921875 0.51953125 0.4026307171875 0.5390625 0.3704202578125 0.546875 0.3382098015625 0.544921875 0.30599934375000004 0.548828125 0.247434875
1 0.578125 0.2269373140625 0.5634765625 0.2079038609375 0.55859375 0.22108086718750003 0.55078125 0.28257355624999997 0.548828125 0.34699447031249997 0.55078125 0.3645638109375 0.55859375 0.3762767046875 0.5625 0.4055589390625 0.572265625 0.4143436109375 0.568359375 0.3997024921875 0.568359375 0.3206404625 0.578125 0.265004215625 0.578125 0.2269373140625
1 0.4853515625 0.2928223390625 0.490234375 0.3733484828125 0.48828125 0.4143436109375 0.490234375 0.426056503125 0.494140625 0.426056503125 0.513671875 0.4143436109375 0.515625 0.3528509171875 0.509765625 0.30892756875 0.4853515625 0.2928223390625
3 0.1259765625 0.527080209375 0.123046875 0.5461136609375 0.134765625 0.610534575 0.1484375 0.64860148125 0.1591796875 0.664706709375 0.1640625 0.663242596875 0.158203125 0.5958934609375001 0.14453125 0.5314725453125 0.1396484375 0.5212237625 0.1259765625 0.527080209375
1 0.4892578125 0.6500655921875 0.4716796875 0.6383526984375 0.4609375 0.67202726875 0.44921875 0.7510892984375 0.44921875 0.7832997578125 0.453125 0.8008690968750001 0.45703125 0.8125819906249999 0.46875 0.824294884375 0.474609375 0.8155102125000001 0.46875 0.7745150859375001 0.4921875 0.660314375 0.4892578125 0.6500655921875
1 0.9423828125 0.8726105703125 0.9248046875 0.8696823468750001 0.919921875 0.8916440203124999 0.921875 0.9970600624999999 0.953125 0.9999882875000001 0.955078125 0.9384955953125 0.951171875 0.87407468125 0.9482421875 0.8667541234374999 0.9423828125 0.8726105703125
1 0.900390625 0.9970600624999999 0.9033203125 1 0.921875 0.9999882875000001 0.919921875 0.9560649359375001 0.9033203125 0.954600825 0.900390625 0.9589931609375 0.900390625 0.9970600624999999
1 0.638671875 0.6134628 0.634765625 0.5958934609375001 0.6259765625 0.5827164546875 0.619140625 0.5929652359375 0.607421875 0.64860148125 0.6015625 0.7188788421875 0.603515625 0.79501265 0.599609375 0.821366659375 0.580078125 0.8857875734375 0.58203125 0.8945722453125 0.61328125 0.836007778125 0.62890625 0.7745150859375001 0.630859375 0.6983812781250001 0.638671875 0.6134628
1 0.6484375 0.5168314265625 0.6416015625 0.494869753125 0.6240234375 0.4977979765625 0.623046875 0.5256160984375 0.62890625 0.5695394484375 0.646484375 0.654457928125 0.65234375 0.666170821875 0.650390625 0.6837401625 0.6552734375 0.6910607203125 0.662109375 0.689596609375 0.669921875 0.6808119375 0.673828125 0.65738615 0.662109375 0.610534575 0.6484375 0.5168314265625
1 0.70703125 0.493405640625 0.701171875 0.5285443203125 0.701171875 0.5490418859374999 0.70703125 0.5636830015625 0.724609375 0.5168314265625 0.724609375 0.505118534375 0.7119140625 0.48608508281249996 0.70703125 0.493405640625
1 0.6943359375 0.4626592953125 0.685546875 0.508046759375 0.689453125 0.5666112265625001 0.69140625 0.5753958953125 0.701171875 0.5841805671875 0.70703125 0.5636830015625 0.701171875 0.5431854390625 0.705078125 0.4758363 0.6943359375 0.4626592953125
1 0.701171875 0.7071659484375 0.703125 0.663242596875 0.697265625 0.6046781296875 0.693359375 0.5871087890625 0.6884765625 0.585644678125 0.68359375 0.5958934609375001 0.68359375 0.639816809375 0.6953125 0.64860148125 0.6806640625 0.6559220390625 0.6796875 0.663242596875 0.69140625 0.7335199578125 0.6953125 0.7364481828125 0.7001953125 0.732055846875 0.7080078125 0.7349840703125 0.708984375 0.7218070640625001 0.701171875 0.7071659484375
1 0.65234375 0.6837401625 0.654296875 0.67202726875 0.6474609375 0.6588502625 0.64453125 0.6778837156249999 0.654296875 0.7042377234375 0.65625 0.7423046296875 0.666015625 0.7071659484375 0.666015625 0.689596609375 0.6572265625 0.6910607203125 0.65234375 0.6837401625