3 0.7265625 0.3704202578125 0.703125 0.303071121875 0.6943359375 0.289894115625 0.6865234375 0.2869658921875 0.68359375 0.303071121875 0.693359375 0.32356868437499997 0.69921875 0.3499226953125 0.703125 0.3967742703125 0.712890625 0.437769396875 0.7548828125 0.5036544234375 0.7607421875 0.5095108703125 0.771484375 0.508046759375 0.7734375 0.48754919374999994 0.755859375 0.45241051250000003 0.7421875 0.3938460453125 0.7265625 0.3704202578125
3 0.6640625 0.45826695937500006 0.6513671875 0.4392335078125 0.64453125 0.45241051250000003 0.640625 0.49633386562500004 0.6328125 0.5314725453125 0.609375 0.5929652359375 0.603515625 0.62224746875 0.603515625 0.631032140625 0.6103515625 0.641280921875 0.625 0.64860148125 0.658203125 0.5841805671875 0.66796875 0.5402572140624999 0.66796875 0.472908078125 0.6640625 0.45826695937500006
1 0.66796875 0.5373289921875 0.66015625 0.5753958953125 0.6650390625 0.5885729015625001 0.6923828125 0.6119986875000001 0.7119140625 0.617855134375 0.7197265625 0.6266398046874999 0.734375 0.6251756937499999 0.740234375 0.6134628 0.7373046875 0.5944293484375 0.7099609375 0.562218890625 0.66796875 0.5373289921875
1 0.599609375 0.45826695937500006 0.6083984375 0.46851574218750003 0.6337890625 0.483156859375 0.640625 0.481692746875 0.64453125 0.4553387375 0.6396484375 0.448018178125 0.599609375 0.44362584375 0.599609375 0.45826695937500006
1 0.6728515625 0.5095108703125 0.74609375 0.5519701078125 0.7451171875 0.506582646875 0.6962890625 0.47144396562499996 0.666015625 0.461195184375 0.6728515625 0.5095108703125
0 0.625 0.7920844265625 0.6044921875 0.76133808125 0.5947265625 0.76133808125 0.587890625 0.7715868640625 0.607421875 0.824294884375 0.6171875 0.8945722453125 0.6328125 0.9502084890625 0.640625 0.9970600624999999 0.697265625 0.9970600624999999 0.689453125 0.9619213828125 0.65625 0.8770029062500001 0.642578125 0.83015133125 0.625 0.7920844265625
3 0.8271484375 0.6793478265624999 0.8193359375 0.6793478265624999 0.828125 0.7159506171875 0.8671875 0.80672554375 0.8857421875 0.8345436656249999 0.88671875 0.8184384375 0.8916015625 0.8140461015625 0.9169921875 0.8491847828125 0.92578125 0.8477206718750001 0.92578125 0.8125819906249999 0.900390625 0.7715868640625 0.8505859375 0.7027736124999999 0.8271484375 0.6793478265624999
3 0.947265625 0.7130223953125 0.923828125 0.64567325625 0.9130859375 0.629568028125 0.8974609375 0.617855134375 0.89453125 0.628103915625 0.90234375 0.64567325625 0.91015625 0.686668384375 0.912109375 0.7188788421875 0.92578125 0.7979408718750001 0.927734375 0.8447924468749999 0.9521484375 0.8608976765625 0.970703125 0.859433565625 0.970703125 0.821366659375 0.95703125 0.7540175234375 0.955078125 0.7247352890625 0.947265625 0.7130223953125
3 0.9404296875 0.5768600078125 0.931640625 0.5929652359375 0.927734375 0.65738615 0.953125 0.7305917359375 0.95703125 0.7305917359375 0.955078125 0.64567325625 0.94921875 0.5929652359375 0.9453125 0.5783241203125 0.9404296875 0.5768600078125
3 0.439453125 0.7276635109375 0.4140625 0.66909904375 0.3701171875 0.597357571875 0.3408203125 0.5651471140625 0.3232421875 0.5651471140625 0.31640625 0.5783241203125 0.31640625 0.5900370140625 0.3251953125 0.5944293484375 0.345703125 0.628103915625 0.37109375 0.6837401625 0.419921875 0.8184384375 0.4267578125 0.8316154421874999 0.435546875 0.833079553125 0.4423828125 0.8228307718750001 0.44921875 0.821366659375 0.455078125 0.7979408718750001 0.439453125 0.7276635109375
1 0.5234375 0.7042377234375 0.462890625 0.5314725453125 0.4482421875 0.506582646875 0.4345703125 0.5007262 0.435546875 0.5226878734375 0.4453125 0.5490418859374999 0.484375 0.7364481828125 0.509765625 0.8184384375 0.5185546875 0.8286872187500001 0.529296875 0.82722310625 0.5361328125 0.8140461015625 0.5419921875 0.816974325 0.544921875 0.80379731875 0.5234375 0.7042377234375