1 0.4658203125 0.3953062578125 0.4873046875 0.3953062578125 0.4921875 0.3862038109375 0.48828125 0.36799891875 0.4794921875 0.35889647187499996 0.4580078125 0.348493675 0.4345703125 0.3458929765625 0.4248046875 0.3510943734375 0.3623046875 0.356295771875 0.3193359375 0.374500665625 0.30078125 0.394005909375 0.3017578125 0.40310835625 0.3212890625 0.41091045312499996 0.375 0.41481150156249996 0.4091796875 0.408309753125 0.4365234375 0.41091045312499996 0.4580078125 0.40310835625 0.4658203125 0.3953062578125
1 0.5146484375 0.46292443437499997 0.533203125 0.43301639375 0.53125 0.41481150156249996 0.5205078125 0.40310835625 0.4912109375 0.40310835625 0.4404296875 0.4317160453125 0.400390625 0.485030375 0.396484375 0.50583596875 0.41015625 0.511037365625 0.4404296875 0.5019349203125001 0.4580078125 0.4837300265625 0.4970703125 0.47332722968749996 0.5146484375 0.46292443437499997
1 0 0.6982876984375 0.0166015625 0.7099908453125 0.0615234375 0.7646055265625 0.0830078125 0.78281041875 0.140625 0.7841107703125 0.1494140625 0.78281041875 0.15625 0.765905875 0.142578125 0.7320967890625 0.1337890625 0.7203936421875 0.1142578125 0.7099908453125 0.0947265625 0.689185253125 0.0556640625 0.6657789609375 0.0283203125 0.6631782625 0.0146484375 0.655376165625 0 0.6566765140624999 0 0.6982876984375
3 0.4140625 0.828322653125 0.40625 0.8049163625 0.404296875 0.7763086718750001 0.392578125 0.742499584375 0.3642578125 0.707390146875 0.3564453125 0.704789446875 0.34375 0.7216939921875001 0.33984375 0.7503016796875001 0.345703125 0.7555030781250001 0.345703125 0.7867114671875 0.361328125 0.830923353125 0.375 0.8907394296875 0.380859375 0.9661597046875 0.392578125 0.971361103125 0.41015625 0.9531562078125001 0.4140625 0.9375520140625 0.41796875 0.8881387328124999 0.4140625 0.828322653125
3 0.4306640625 0.7464006328125 0.4111328125 0.7281957390625 0.4013671875 0.725595040625 0.3876953125 0.7099908453125 0.388671875 0.71649259375 0.3828125 0.726895390625 0.392578125 0.7372981859375 0.396484375 0.7607044765625 0.404296875 0.7737079734375001 0.40625 0.794513565625 0.439453125 0.8491282453125001 0.451171875 0.8777359359375 0.453125 0.8959408281250001 0.458984375 0.8985415281250001 0.48828125 0.8621317421875 0.4765625 0.8231212546875 0.455078125 0.7815100687500001 0.4306640625 0.7464006328125
1 0.736328125 0.85693034375 0.740234375 0.8257219546875 0.7236328125 0.808817409375 0.6982421875 0.8140188078125 0.6689453125 0.845227196875 0.6083984375 0.897241178125 0.5595703125 0.9284495671874999 0.533203125 0.9531562078125001 0.5361328125 0.967460053125 0.580078125 0.9687604015625 0.5986328125 0.967460053125 0.6298828125 0.9518558593750001 0.7060546875 0.897241178125 0.736328125 0.85693034375
3 0.5615234375 0.3250873828125 0.5400390625 0.33288948125 0.5107421875 0.33028878125 0.505859375 0.3341898296875 0.505859375 0.341991928125 0.5166015625 0.356295771875 0.5517578125 0.3823027625 0.591796875 0.3862038109375 0.603515625 0.3758010140625 0.60546875 0.3471933265625 0.5869140625 0.3250873828125 0.5615234375 0.3250873828125
3 0.8203125 0.625468125 0.80078125 0.5942597359375 0.7841796875 0.5721537953125 0.7724609375 0.5695530953125 0.767578125 0.5760548437499999 0.767578125 0.6020618343749999 0.78515625 0.651475115625 0.78515625 0.690485603125 0.7998046875 0.71519224375 0.806640625 0.71649259375 0.8134765625 0.7125915453125 0.833984375 0.68008280625 0.8359375 0.6618779124999999 0.8203125 0.625468125
3 0.7783203125 0.67878245625 0.7626953125 0.6683796609375 0.7353515625 0.6631782625 0.732421875 0.6826835046874999 0.748046875 0.7112911953125 0.7666015625 0.7359978359375 0.787109375 0.7477009828125001 0.802734375 0.7346974859375 0.802734375 0.7190932921875001 0.79296875 0.7008884 0.7783203125 0.67878245625
3 0.4013671875 0.5721537953125 0.4208984375 0.551348203125 0.4443359375 0.5357440078125 0.4609375 0.511037365625 0.46484375 0.4876310765625 0.4619140625 0.4837300265625 0.4560546875 0.486330725 0.4384765625 0.5019349203125001 0.4111328125 0.512337715625 0.4013671875 0.512337715625 0.3974609375 0.50713631875 0.3876953125 0.5097370171875 0.33203125 0.5708534453125 0.328125 0.5942597359375 0.349609375 0.5968604375 0.3583984375 0.5955600859375 0.3779296875 0.566952396875 0.3935546875 0.5643516984375 0.4013671875 0.5721537953125
1 0 0.932350615625 0.005859375 0.932350615625 0.0869140625 0.8868383828124999 0.09375 0.8673331390625 0.083984375 0.8465275468750001 0.0576171875 0.8426264984375 0.0029296875 0.8608313921875 0 0.8647324390625 0 0.932350615625
1 0.8734696765625 0.6202447421875 0.8850952937500001 0.646801421875 0.8933993203125 0.671145053125 0.9033640875 0.6954886828125 0.9149897031249999 0.724258415625 0.9282761687500001 0.7375367921875 0.9332586078125 0.7131931625 0.9415625234375 0.68663648125 0.934919346875 0.6600798 0.9299369078125 0.62688389375 0.9199720296875 0.5936880609374999 0.908346525 0.5715574812499999 0.895060059375 0.5450008000000001 0.8834345546875 0.5272963203125001 0.8668264984375 0.51844411875 0.8468969671875 0.5118049671875 0.8295254312499999 0.535430040625 0.8369320890624999 0.5582791031250001 0.8468969671875 0.5781966328125 0.8618441718750001 0.5981141625 0.8734696765625 0.6202447421875
3 0.049038048437499995 0.5630390765625 0.044370640625 0.58480719375 0.035035784375000004 0.612794725 0.026867820312500002 0.64700175 0.0303683765625 0.65944068125 0.0502049015625 0.653221240625 0.058372904687500005 0.6516663828125 0.0688746125 0.6516663828125 0.0747088734375 0.6298982375 0.08171002499999999 0.6065752859375 0.0898779890625 0.58480719375 0.09687917968750001 0.5645939359375001 0.1015465890625 0.5443807046875 0.10504710625 0.5210577265625 0.1085477015625 0.50239935625 0.100379696875 0.4852958421875 0.087544284375 0.4852958421875 0.06944031875 0.47872397656250004 0.05953975625 0.5039542140625 0.054872348437499996 0.5257223328125 0.0502049015625 0.547490425 0.049038048437499995 0.5630390765625
3 0 0.46205059843749996 0.027000000000000003 0.464713715625 0.047 0.44873502031249995 0.049 0.4287616515625 0.039 0.41278295624999994 0.032 0.410119840625 0 0.410119840625 0 0.46205059843749996
3 0.6849999999999999 0.38348868125 0.675 0.39014647187499996 0.67 0.407456725 0.669 0.4314247671875 0.687 0.432756325 0.689 0.41544607187500004 0.6849999999999999 0.38348868125