1 0.59375 0.481692746875 0.609375 0.41141538593750004 0.61328125 0.3733484828125 0.61328125 0.3264969078125 0.6064453125 0.2986787859375 0.599609375 0.303071121875 0.587890625 0.3879895984375 0.56640625 0.45241051250000003 0.5341796875 0.494869753125 0.4912109375 0.5300084328125 0.4765625 0.5490418859374999 0.474609375 0.5636830015625 0.478515625 0.5724676734374999 0.47265625 0.5783241203125 0.474609375 0.5841805671875 0.49609375 0.5841805671875 0.5302734375 0.5651471140625 0.5498046875 0.5475777734375 0.5654296875 0.5300084328125 0.59375 0.481692746875
1 0.0009765625 0.8345436656249999 0 0.9004286921875 0.017578125 0.9355673734375 0.029296875 0.991203615625 0.0341796875 0.998524175 0.072265625 0.9999882875000001 0.07421875 0.9765625 0.05859375 0.9150698078125 0.0302734375 0.8638258999999999 0.0009765625 0.8345436656249999
3 0.2724609375 0.811117878125 0.2509765625 0.8491847828125 0.2353515625 0.8579694531250001 0.1962890625 0.8579694531250001 0.1630859375 0.8433283359375 0.1455078125 0.8433283359375 0.1328125 0.85357711875 0.140625 0.859433565625 0.134765625 0.868218234375 0.1376953125 0.8726105703125 0.1650390625 0.89603635625 0.1826171875 0.9018928031250001 0.212890625 0.9004286921875 0.2509765625 0.881395240625 0.271484375 0.8477206718750001 0.27734375 0.8155102125000001 0.2724609375 0.811117878125
3 0.9248046875 0.4773004125 0.9013671875 0.48901330625000006 0.8837890625 0.506582646875 0.826171875 0.5988216828125 0.8408203125 0.6266398046874999 0.8515625 0.631032140625 0.876953125 0.5841805671875 0.900390625 0.5256160984375 0.92578125 0.49047741875 0.9248046875 0.4773004125
3 0.53515625 0.80379731875 0.53515625 0.7715868640625 0.529296875 0.7510892984375 0.5263671875 0.7466969640625 0.51953125 0.7510892984375 0.509765625 0.7979408718750001 0.4931640625 0.8140461015625 0.4228515625 0.8345436656249999 0.3896484375 0.8345436656249999 0.37890625 0.8828593515625001 0.41015625 0.8828593515625001 0.4853515625 0.8638258999999999 0.5126953125 0.8433283359375 0.53125 0.8184384375 0.53515625 0.80379731875
3 0.5888671875 0.9575290484375 0.6142578125 0.9575290484375 0.6171875 0.9443520421875 0.6083984375 0.9341032609375001 0.5537109375 0.9106774734374999 0.5029296875 0.9106774734374999 0.4755859375 0.9311750375000001 0.443359375 0.9736342765625 0.4404296875 0.998524175 0.4609375 0.9970600624999999 0.4970703125 0.960457271875 0.5126953125 0.9516726015625 0.5556640625 0.948744378125 0.5888671875 0.9575290484375
3 0.5908203125 0.811117878125 0.5712890625 0.8140461015625 0.5283203125 0.8257589953125001 0.5 0.856505340625 0.5068359375 0.8667541234374999 0.533203125 0.8652900125 0.5693359375 0.8491847828125 0.5927734375 0.8286872187500001 0.595703125 0.8155102125000001 0.5908203125 0.811117878125
3 0.556640625 0.6837401625 0.564453125 0.65738615 0.603515625 0.6017499078124999 0.60546875 0.5871087890625 0.6025390625 0.5827164546875 0.5751953125 0.5768600078125 0.55859375 0.5988216828125 0.541015625 0.639816809375 0.53515625 0.69545305625 0.552734375 0.7628021921875 0.55859375 0.7686586390625 0.5625 0.7598739703125 0.5625 0.7423046296875 0.5546875 0.7100941703125 0.556640625 0.6837401625
3 0.0517578125 0 0.044921875 0.021961676562499997 0.03515625 0.086382590625 0.048828125 0.1127366 0.052734375 0.1390906109375 0.056640625 0.1390906109375 0.08203125 0.0248898984375 0.0830078125 0 0.0517578125 0
3 0.0224609375 0.0673491375 0.0009765625 0.043923351562500004 0 0.109808378125 0.013671875 0.130305940625 0.0244140625 0.163980509375 0.046875 0.1654446203125 0.052734375 0.1566599515625 0.052734375 0.13323416562499998 0.046875 0.109808378125 0.0224609375 0.0673491375
3 0.9716796875 0.652993815625 0.9609375 0.666170821875 0.955078125 0.69252483125 0.955078125 0.7218070640625001 0.9677734375 0.7408405171875 0.98046875 0.7481610765625 0.978515625 0.689596609375 0.98828125 0.663242596875 0.9853515625 0.6559220390625 0.9716796875 0.652993815625
3 0.20400000000000001 0.19340329843749998 0.24300000000000002 0.17391304375 0.263 0.1574212890625 0.267 0.1469265375 0.255 0.1454272859375 0.20600000000000002 0.161919040625 0.135 0.164917540625 0.10300000000000001 0.1919040484375 0.1 0.20089955 0.11100000000000002 0.20989505312499998 0.136 0.1949025484375 0.20400000000000001 0.19340329843749998
3 0.1941664265625 0.7138031703125 0.19150661093750002 0.7317479437500001 0.18618698281249998 0.751686578125 0.1848570765625 0.7756129421875 0.18352716875 0.8035270328124999 0.17687763437499998 0.8274533953125 0.18618698281249998 0.8493858953125001 0.198156146875 0.8533736218750001 0.210125309375 0.8533736218750001 0.21677484531250002 0.8434043046875 0.2181047515625 0.8214718046874999 0.220764565625 0.793557715625 0.220764565625 0.7716252140625001 0.220764565625 0.7536804421875 0.220764565625 0.7357356703125 0.220764565625 0.7197847609375 0.220764565625 0.699846125 0.21677484531250002 0.677913625 0.20879540312499997 0.6519933984375 0.20347577499999997 0.6400302171875001 0.1954963328125 0.626073171875 0.18751689062500002 0.616103853125 0.178207540625 0.624079309375 0.18219726249999998 0.6539872625 0.188846796875 0.6699381703125 0.1941664265625 0.6938645343750001 0.1941664265625 0.7138031703125
1 0.4269001546875 0.57423271875 0.4269001546875 0.5901836265625 0.4269001546875 0.6021468078125001 0.434879596875 0.6200915796875 0.44285903906249996 0.624079309375 0.44152913125 0.6460118078125 0.43221978281249995 0.6619627171875 0.4269001546875 0.6978522609375 0.41759080624999995 0.7197847609375 0.41227117656249995 0.7357356703125 0.40562164218749996 0.7596620328125 0.39897210625 0.7696313515625001 0.3843431296875 0.7716252140625001 0.3790235015625 0.7776068046875 0.3683842453125 0.8035270328124999 0.3737038734375 0.8154902140625 0.39232257187499997 0.8214718046874999 0.4069515484375 0.8174840781249999 0.41759080624999995 0.80153316875 0.4269001546875 0.77960066875 0.4375394109375 0.75567430625 0.44285903906249996 0.7337418062500001 0.44950857343750006 0.6938645343750001 0.45482820156250003 0.659968853125 0.45349829531249997 0.626073171875 0.45349829531249997 0.5961652171875 0.4481786671875 0.568251128125 0.440199225 0.5403370375 0.42823006250000006 0.5084352187500001 0.4202506203125 0.524386128125 0.4202506203125 0.5423309015625 0.4255702484375 0.5602756734375001 0.4269001546875 0.57423271875
3 0.7223333328125 0.589705146875 0.7293333328125 0.57571214375 0.761 0.5787106453125 0.788 0.5562218890625 0.8019999999999999 0.5367316343749999 0.808 0.5142428781249999 0.807 0.502248875 0.796 0.4692653671875 0.787 0.4692653671875 0.771 0.5202398796875001 0.722 0.5412293859374999 0.716 0.5532233890625 0.689 0.5592203890625 0.6809999999999999 0.57571214375 0.6769999999999999 0.5922038984375 0.7030000000000001 0.6041979015625001 0.725 0.5967016484375 0.7223333328125 0.589705146875