1 0 0.6416015625 0.0673491375 0.7060546875 0.140554721875 0.7568359375 0.1493393921875 0.7705078125 0.1610522859375 0.7705078125 0.163980509375 0.7509765625 0.1551958390625 0.7373046875 0.0819902546875 0.6748046875 0.043923351562500004 0.6220703125 0.0190334515625 0.59765625 0 0.6103515625 0 0.6416015625
3 0.2298655359375 0.513671875 0.1713010671875 0.521484375 0.16690873281250002 0.5263671875 0.1786216265625 0.5400390625 0.187406296875 0.5673828125 0.21376030781250002 0.6044921875 0.24011431718749998 0.6572265625 0.2488989875 0.6943359375 0.267932440625 0.705078125 0.28403766875 0.7041015625 0.30160700937499996 0.6865234375 0.30160700937499996 0.6611328125 0.2635401046875 0.5654296875 0.2298655359375 0.513671875
1 0.267932440625 0.705078125 0.2503631 0.697265625 0.2518272109375 0.7138671875 0.2752529984375 0.7529296875 0.30599934375000004 0.77734375 0.3396739125 0.7841796875 0.2986787859375 0.7041015625 0.288430003125 0.701171875 0.28257355624999997 0.705078125 0.267932440625 0.705078125
1 0.3718843703125 0.4697265625 0.3645638109375 0.46484375 0.3543150296875 0.4697265625 0.32503279687500003 0.5126953125 0.3221045734375 0.5263671875 0.303071121875 0.5390625 0.2869658921875 0.5205078125 0.2811094453125 0.4931640625 0.2811094453125 0.4755859375 0.2928223390625 0.4560546875 0.247434875 0.455078125 0.2298655359375 0.44140625 0.21668853124999998 0.4658203125 0.21668853124999998 0.4970703125 0.2342578703125 0.5107421875 0.24011431718749998 0.5322265625 0.266468328125 0.5693359375 0.28257355624999997 0.57421875 0.313319903125 0.5732421875 0.3264969078125 0.5703125 0.3426021359375 0.5595703125 0.357243253125 0.5419921875 0.3718843703125 0.4697265625
1 0.573931784375 0.4697265625 0.5636830015625 0.466796875 0.5285443203125 0.478515625 0.49633386562500004 0.4765625 0.44362584375 0.458984375 0.415807721875 0.4404296875 0.3894537109375 0.3994140625 0.392381934375 0.3408203125 0.39823838125 0.3291015625 0.3762767046875 0.31640625 0.3587073640625 0.314453125 0.3499226953125 0.3046875 0.32796101875 0.3251953125 0.31917635 0.3505859375 0.31917635 0.3916015625 0.33381746562500003 0.4326171875 0.36017147656250004 0.4599609375 0.40848716406249996 0.490234375 0.46705163125000004 0.509765625 0.5036544234375 0.5107421875 0.5402572140624999 0.5078125 0.5695394484375 0.5 0.5768600078125 0.4951171875 0.573931784375 0.4697265625
1 0.573931784375 0.6435546875 0.573931784375 0.6318359375 0.597357571875 0.6025390625 0.6002857953125 0.5869140625 0.573931784375 0.5478515625 0.5548983328125 0.53125 0.5402572140624999 0.52734375 0.51097498125 0.533203125 0.484620971875 0.529296875 0.43191294999999996 0.5 0.4304488375 0.5068359375 0.4392335078125 0.5205078125 0.494869753125 0.5517578125 0.494869753125 0.5673828125 0.51097498125 0.578125 0.53293665625 0.5849609375 0.5212237625 0.6220703125 0.48608508281249996 0.6611328125 0.45241051250000003 0.673828125 0.3835972640625 0.6884765625 0.3967742703125 0.697265625 0.4143436109375 0.701171875 0.45094640156250004 0.7001953125 0.4758363 0.697265625 0.5256160984375 0.681640625 0.55636244375 0.6630859375 0.573931784375 0.6435546875
1 0.8228307718750001 0.5029296875 0.8184384375 0.5 0.79501265 0.501953125 0.7159506171875 0.541015625 0.6837401625 0.55078125 0.66909904375 0.548828125 0.6559220390625 0.5400390625 0.6471373687499999 0.4755859375 0.67056315625 0.4033203125 0.666170821875 0.400390625 0.6368885875 0.400390625 0.6032140187499999 0.3837890625 0.5988216828125 0.373046875 0.57978823125 0.4033203125 0.573931784375 0.4404296875 0.573931784375 0.4814453125 0.585644678125 0.5126953125 0.585644678125 0.5458984375 0.597357571875 0.5654296875 0.6193192468750001 0.58203125 0.651529703125 0.58984375 0.6617784859375 0.5888671875 0.7013095015624999 0.583984375 0.7335199578125 0.57421875 0.7701227515625 0.5537109375 0.8228307718750001 0.5029296875
1 0.8726105703125 0.2763671875 0.8872516859375 0.2568359375 0.8784670171875 0.2451171875 0.8989645796874999 0.2373046875 0.8975004671875 0.23046875 0.868218234375 0.240234375 0.8433283359375 0.2587890625 0.8345436656249999 0.2744140625 0.8345436656249999 0.3056640625 0.8433283359375 0.3291015625 0.8579694531250001 0.3447265625 0.8945722453125 0.365234375 0.9106774734374999 0.3662109375 0.9136056968749999 0.3369140625 0.8843234624999999 0.3173828125 0.8726105703125 0.2958984375 0.8726105703125 0.2763671875
1 0.8286872187500001 0.5615234375 0.8286872187500001 0.4931640625 0.799404984375 0.4560546875 0.7642663046875 0.4345703125 0.7510892984375 0.41796875 0.7466969640625 0.4189453125 0.7496251875 0.4423828125 0.7730509750000001 0.4560546875 0.78476386875 0.4697265625 0.7818356453125 0.4775390625 0.7642663046875 0.4912109375 0.7642663046875 0.5107421875 0.7715868640625 0.51171875 0.809653765625 0.49609375 0.8228307718750001 0.4990234375 0.8228307718750001 0.5068359375 0.7701227515625 0.5537109375 0.7759791984375 0.5908203125 0.7701227515625 0.6083984375 0.7759791984375 0.6689453125 0.7261993999999999 0.7255859375 0.7232711765625 0.7509765625 0.71448650625 0.7646484375 0.71448650625 0.7958984375 0.7247352890625 0.80859375 0.7349840703125 0.8076171875 0.78476386875 0.6904296875 0.7906203140625 0.6416015625 0.8140461015625 0.6083984375 0.8286872187500001 0.5615234375
1 0.69398894375 0.6533203125 0.674955490625 0.609375 0.64860148125 0.615234375 0.635424475 0.6298828125 0.6559220390625 0.6962890625 0.6559220390625 0.7333984375 0.635424475 0.7802734375 0.6383526984375 0.7958984375 0.6471373687499999 0.7958984375 0.6734913796875001 0.7509765625 0.6793478265624999 0.7158203125 0.69398894375 0.6904296875 0.69398894375 0.6533203125
1 0.7715868640625 0.865234375 0.7540175234375 0.865234375 0.7291276234375 0.8525390625 0.7174147296875 0.8349609375 0.708630059375 0.7822265625 0.7232711765625 0.7294921875 0.7730509750000001 0.6708984375 0.7730509750000001 0.6669921875 0.7540175234375 0.658203125 0.7393764046875 0.66015625 0.7188788421875 0.650390625 0.688132496875 0.7001953125 0.676419603125 0.7333984375 0.67056315625 0.7587890625 0.67056315625 0.7880859375 0.676419603125 0.8017578125 0.6734913796875001 0.8330078125 0.6910607203125 0.8642578125 0.7218070640625001 0.884765625 0.7364481828125 0.888671875 0.767194528125 0.8876953125 0.7979408718750001 0.875 0.8286872187500001 0.8486328125 0.8125819906249999 0.845703125 0.7715868640625 0.865234375