3 0.8564453125 0 0.853515625 0.012141985937499999 0.875 0.0745864796875 0.8828125 0.13703097343749998 0.9052734375 0.1699877890625 0.9296875 0.16825321875000002 0.9453125 0.1474383875 0.9150390625 0.1491729578125 0.90625 0.13703097343749998 0.900390625 0.11621614218750001 0.90234375 0.0745864796875 0.896484375 0.0086728453125 0.8857421875 0 0.8564453125 0
3 0.68359375 0.3104879 0.681640625 0.24457426718750003 0.6796875 0.234166853125 0.6689453125 0.22202486718749997 0.669921875 0.24804340625000001 0.6572265625 0.239370559375 0.64453125 0.2827347921875 0.654296875 0.3625249765625 0.669921875 0.40415463906250004 0.6982421875 0.447518871875 0.7216796875 0.468333703125 0.736328125 0.4700682734375 0.73828125 0.45619171875 0.697265625 0.3902780859375 0.69140625 0.36946325468749996 0.68359375 0.3104879
1 0.6318359375 0.11795071093750001 0.658203125 0.1960063265625 0.6748046875 0.22202486718749997 0.6865234375 0.2324322828125 0.693359375 0.23069771249999999 0.701171875 0.21682115781250003 0.69921875 0.2029446046875 0.6435546875 0.11448157187500001 0.6318359375 0.11795071093750001
3 0.658203125 0.5637350125 0.650390625 0.6539326140624999 0.640625 0.6990314171875001 0.650390625 0.726784525 0.65625 0.7302536625 0.66796875 0.692093140625 0.6796875 0.6088338156249999 0.6650390625 0.5550621671875 0.658203125 0.5637350125
3 0.59765625 0.4527225796875 0.5927734375 0.4336423171875 0.5859375 0.483944828125 0.58203125 0.560265875 0.595703125 0.6157720921875 0.603515625 0.6192412296875001 0.609375 0.605364675 0.609375 0.5776115671875 0.603515625 0.5498584578125 0.59765625 0.4527225796875
1 0.43359375 0.6088338156249999 0.42578125 0.560265875 0.41015625 0.36946325468749996 0.408203125 0.27232737500000004 0.3955078125 0.2740619453125 0.3818359375 0.2914076375 0.37890625 0.28620392968749997 0.3828125 0.2619199609375 0.3828125 0.21682115781250003 0.3798828125 0.2150865890625 0.37109375 0.234166853125 0.3671875 0.2792656515625 0.3671875 0.37293239375 0.375 0.4874139640625 0.38671875 0.5637350125 0.4267578125 0.68342029375 0.4521484375 0.7111734015625 0.474609375 0.712907971875 0.478515625 0.70596969375 0.4765625 0.6955622765625 0.451171875 0.6574017546875 0.43359375 0.6088338156249999
0 0.470703125 0.26538909843749997 0.4619140625 0.2567162515625 0.435546875 0.26885823750000004 0.4296875 0.338241009375 0.416015625 0.40762377968749997 0.423828125 0.5325127671875001 0.4296875 0.5498584578125 0.435546875 0.53945104375 0.455078125 0.43537688750000003 0.470703125 0.31742617812499996 0.470703125 0.26538909843749997
1 0.46875 0.6123029515625 0.462890625 0.54292018125 0.466796875 0.438846025 0.4609375 0.4249694703125 0.46875 0.41456205625000003 0.482421875 0.3208953140625 0.48046875 0.3035496234375 0.4736328125 0.301815053125 0.458984375 0.40068550312499995 0.458984375 0.4249694703125 0.451171875 0.44578430156250004 0.435546875 0.53945104375 0.427734375 0.5533275984375 0.427734375 0.5706732890625 0.435546875 0.6157720921875 0.451171875 0.6574017546875 0.478515625 0.7025005546875 0.470703125 0.7233153859375 0.5009765625 0.7632104796875 0.53125 0.7649450484375 0.5322265625 0.7528030640625001 0.5048828125 0.7319882328125 0.48828125 0.6990314171875001 0.46875 0.6123029515625
1 0.01953125 0.43190774843749996 0.001953125 0.4527225796875 0.0068359375 0.46486456406250004 0.017578125 0.4665991328125 0.0341796875 0.4544571484375 0.04296875 0.43190774843749996 0.0283203125 0.3885435171875 0.01953125 0.43190774843749996
1 0.107421875 0.6678091687500001 0.1044921875 0.6626054625 0.0859375 0.6851548625 0.087890625 0.6435252 0.09375 0.62271036875 0.09375 0.5741424296875001 0.0908203125 0.568938721875 0.083984375 0.58454984375 0.06640625 0.7198462484375 0.064453125 0.7684141875 0.07421875 0.771883325 0.0810546875 0.77014875625 0.087890625 0.7580067703125 0.103515625 0.6990314171875001 0.107421875 0.6678091687500001
1 0.2333984375 0.8291241125000001 0.2236328125 0.8256549734374999 0.2138671875 0.8464698046875 0.1982421875 0.84993894375 0.1875 0.83432781875 0.181640625 0.8031055734375 0.173828125 0.7371919390625 0.17578125 0.6331177828125 0.171875 0.5914881203125 0.171875 0.37640153125000003 0.1630859375 0.3503829921875 0.1279296875 0.3503829921875 0.125 0.35558670000000003 0.130859375 0.37293239375 0.125 0.3868089484375 0.146484375 0.41803119375 0.15234375 0.438846025 0.15234375 0.483944828125 0.142578125 0.546389321875 0.12109375 0.6018955375 0.12109375 0.650463478125 0.1328125 0.7614759109375 0.150390625 0.8377969593750001 0.1728515625 0.8811611906250001 0.1923828125 0.89503774375 0.2109375 0.8933031765624999 0.232421875 0.8690192046874999 0.236328125 0.8586117906249999 0.236328125 0.8377969593750001 0.2333984375 0.8291241125000001
1 0.2890625 0.7233153859375 0.29296875 0.70943883125 0.279296875 0.6574017546875 0.244140625 0.4527225796875 0.24609375 0.36599411718749997 0.2138671875 0.3711978234375 0.2060546875 0.3607904078125 0.203125 0.36946325468749996 0.203125 0.46312999687499995 0.22265625 0.605364675 0.251953125 0.7198462484375 0.2607421875 0.7389265093749999 0.271484375 0.7337228031249999 0.2734375 0.692093140625 0.279296875 0.6955622765625 0.28515625 0.7233153859375 0.267578125 0.75106849375 0.27734375 0.7996364328125 0.26953125 0.8308586828125 0.2802734375 0.8430006656250001 0.29296875 0.8412660953125 0.306640625 0.8135129875 0.3046875 0.7614759109375 0.298828125 0.7337228031249999 0.2890625 0.7233153859375
1 0.3046875 0.8863648984375001 0.3125 0.9210562843749999 0.3203125 0.9279945609375 0.333984375 0.816982128125 0.3095703125 0.7632104796875 0.306640625 0.771883325 0.3046875 0.8863648984375001
1 0.390625 1 0.392578125 0.9696242234374999 0.384765625 0.8967723124999999 0.37890625 0.8967723124999999 0.3681640625 0.93319826875 0.3564453125 0.89503774375 0.35546875 0.9106488671875 0.375 0.9973773328125001 0.3779296875 1 0.390625 1