1 0.28515625 0.31787109375 0.2841796875 0.29296875 0.2421875 0.36767578125 0.203125 0.49951171875 0.1933593765625 0.59326171875 0.2089843765625 0.60498046875 0.2177734375 0.6005859359375 0.2246093765625 0.58154296875 0.2519531234375 0.42333984375 0.28515625 0.31787109375
1 0.3681640625 0.4716796859375 0.3574218765625 0.49365234375 0.34765625 0.54345703125 0.3496093765625 0.65771484375 0.3671875 0.75732421875 0.3886718765625 0.82763671875 0.3964843765625 0.83056640625 0.4140625 0.82177734375 0.4140625 0.79541015625 0.3808593765625 0.65185546875 0.3681640625 0.4716796859375
3 0.55859375 0.48779296875 0.4814453125 0.5419921859375 0.3974609375 0.5537109359375 0.3730468765625 0.56689453125 0.3779296875 0.6005859359375 0.40625 0.59912109375 0.4560546875 0.591796875 0.5146484375 0.5595703140625 0.5488281234375 0.52294921875 0.55859375 0.48779296875
3 0.4423828125 0.3369140640625 0.37109375 0.49365234375 0.37109375 0.54052734375 0.3730468765625 0.55224609375 0.3808593765625 0.55517578125 0.39453125 0.54052734375 0.44140625 0.41162109375 0.4472656234375 0.38525390625 0.4423828125 0.3369140640625
3 0.3027343765625 0.49951171875 0.2890625 0.55224609375 0.2978515625 0.5712890640625 0.3046875 0.56982421875 0.3808593765625 0.42333984375 0.3964843765625 0.37939453125 0.3935546875 0.3427734359375 0.3027343765625 0.49951171875
1 0.2314453125 0.5390625 0.2207031234375 0.60205078125 0.2353515625 0.6298828140625 0.2441406234375 0.62841796875 0.2412109375 0.615234375 0.2587890625 0.6123046859375 0.2636718765625 0.60205078125 0.2314453125 0.5390625
1 0.171875 0.47021484375 0.1972656234375 0.53466796875 0.20703125 0.48779296875 0.16796875 0.41162109375 0.1572265625 0.404296875 0.171875 0.47021484375
1 0.5292968765625 0.16845703125 0.5107421875 0.1552734359375 0.5078125 0.17138671875 0.5292968765625 0.22998046875 0.5605468765625 0.35302734375 0.57421875 0.39404296875 0.58984375 0.40283203125 0.6035156234375 0.38232421875 0.5839843765625 0.29150390625 0.5253906234375 0.17138671875 0.5292968765625 0.16845703125
3 0.4775390625 0.2080078140625 0.46484375 0.32666015625 0.4394531234375 0.46728515625 0.4394531234375 0.51708984375 0.4472656234375 0.53759765625 0.4707031234375 0.47607421875 0.484375 0.39111328125 0.4902343765625 0.25341796875 0.4775390625 0.2080078140625
1 0.71875 0.73681640625 0.7021484375 0.720703125 0.7265625 0.85693359375 0.7285156234375 0.99755859375 0.7597656234375 0.99755859375 0.765625 0.97119140625 0.76171875 0.86572265625 0.73828125 0.78076171875 0.71875 0.73681640625
1 0.6064453125 0.650390625 0.5644531234375 0.70751953125 0.55859375 0.73388671875 0.578125 0.74560546875 0.5947265625 0.71484375 0.6503906234375 0.66357421875 0.6806640625 0.5859375 0.6064453125 0.650390625
3 0.7910156234375 0.32373046875 0.7861328125 0.3017578140625 0.7109375 0.47607421875 0.6816406234375 0.59326171875 0.6660156234375 0.63134765625 0.6640625 0.65185546875 0.68359375 0.66650390625 0.7265625 0.58740234375 0.74609375 0.49072265625 0.7871093765625 0.36767578125 0.7910156234375 0.32373046875
3 0.8642578125 0.3134765640625 0.8652343765625 0.36181640625 0.88671875 0.51416015625 0.9003906234375 0.52880859375 0.9160156234375 0.48193359375 0.9121093765625 0.43505859375 0.88671875 0.35595703125 0.8642578125 0.3134765640625
3 0.9755859375 0.4775390640625 0.93359375 0.52294921875 0.8964843765625 0.62841796875 0.9042968765625 0.63720703125 0.9365234375 0.556640625 1 0.51416015625 0.9990234375 0.4658203140625 0.9755859375 0.4775390640625
3 0.9987752609375 0.750038128125 0.9082031234375 0.73388671875 0.8564453125 0.703125 0.8173828125 0.7001953140625 0.7890625 0.73681640625 0.7919921875 0.744140625 0.8310546875 0.744140625 0.8984375 0.78369140625 0.955405709375 0.7978721906249999 0.9885706624999999 0.7921321031249999 1 0.776825203125 0.9987752609375 0.750038128125
3 0.79296875 0.20947265625 0.7910156234375 0.13037109375 0.7685546875 0.099609375 0.7636718765625 0.11279296875 0.7714843765625 0.13330078125 0.76953125 0.18896484375 0.734375 0.30029296875 0.73828125 0.35009765625 0.7441406234375 0.35009765625 0.765625 0.29736328125 0.7636718765625 0.25048828125 0.7802734375 0.263671875 0.79296875 0.20947265625
0 0.7636718765625 0.43798828125 0.75390625 0.51708984375 0.7519531234375 0.56396484375 0.7734375 0.56982421875 0.7832031234375 0.54638671875 0.79296875 0.47021484375 0.7880859375 0.36328125 0.7636718765625 0.43798828125
3 0.0810546875 0.2197265640625 0.06445312343750001 0.34423828125 0.0625 0.43212890625 0.08007812343750001 0.51123046875 0.08007812343750001 0.61962890625 0.0830078125 0.6298828140625 0.08984375 0.62841796875 0.08984375 0.52294921875 0.09570312343750001 0.49365234375 0.09375 0.28857421875 0.0810546875 0.2197265640625
0 0.57421875 0.53466796875 0.59375 0.60791015625 0.5957031234375 0.66357421875 0.6230468765625 0.63427734375 0.6230468765625 0.61669921875 0.5771484375 0.4951171859375 0.57421875 0.53466796875