1 0.8623046875 0.3290624984375 0.8427734375 0.32625000000000004 0.8378906234375 0.39515625 0.859375 0.42890625 0.84375 0.43453125000000004 0.85546875 0.51046875 0.9082031234375 0.6370312499999999 0.90625 0.56953125 0.875 0.42890625 0.8691406234375 0.34453125 0.8623046875 0.3290624984375
1 0.4316406234375 0.06046875 0.4228515625 0.0478124984375 0.4130859375 0.050624999999999996 0.41015625 0.09421874999999999 0.4316406234375 0.24046875 0.4472656234375 0.28265625 0.46484375 0.29953124999999997 0.453125 0.25734375 0.4472656234375 0.20671875 0.4511718765625 0.18421875000000001 0.4316406234375 0.06046875
1 0.3105468765625 0.10546875 0.33203125 0.08015625 0.3271484375 0.039375 0.30859375 0.04359375 0.3105468765625 0.10546875
1 0.2880859375 0.19125 0.30859375 0.19546875 0.3261718765625 0.15890625 0.3310546875 0.1096875015625 0.28515625 0.17296875 0.2880859375 0.19125
1 0.5009765625 0.5484375015625 0.4853515625 0.55125 0.48046875 0.5667187499999999 0.4667968765625 0.74671875 0.47265625 0.80859375 0.48828125 0.8339062500000001 0.48828125 0.7692187500000001 0.5097656234375 0.6314062500000001 0.5097656234375 0.5667187499999999 0.5009765625 0.5484375015625
1 0.5878906234375 0.44015624999999997 0.59375 0.44296875 0.59765625 0.36984374999999997 0.5791015625 0.365625 0.5800781234375 0.40359375000000003 0.5878906234375 0.44015624999999997
1 0.55078125 0.50203125 0.53515625 0.53859375 0.5380859375 0.55125 0.5449218765625 0.54984375 0.5644531234375 0.52734375 0.58203125 0.47953124999999996 0.5654296875 0.43875000000000003 0.55078125 0.50203125
1 0.9248046875 0.568125 0.9160156234375 0.60890625 0.9199218765625 0.6876562500000001 0.9277343765625 0.72140625 0.9433593765625 0.74390625 0.9511718765625 0.7073437499999999 0.9433593765625 0.6482812499999999 0.9453125 0.5779687499999999 0.9248046875 0.568125
1 0.83203125 0.72140625 0.8417968765625 0.58640625 0.8271484375 0.5625 0.8154296875 0.5596875015625 0.80859375 0.57515625 0.81640625 0.73265625 0.8095703125 0.7396875015625 0.8017578125 0.73125 0.7910156234375 0.7692187500000001 0.7675781234375 0.79171875 0.7675781234375 0.8114062499999999 0.7578125 0.8339062500000001 0.7636718765625 0.83953125 0.8046875 0.80015625 0.8066406234375 0.78328125 0.8183593765625 0.7748437499999999 0.83203125 0.72140625
1 0.66015625 0.65671875 0.6875 0.6314062500000001 0.6845703125 0.5765624984375 0.66015625 0.58359375 0.66015625 0.65671875
1 0.6787109375 0.7424999999999999 0.671875 0.78046875 0.6855468765625 0.8535937499999999 0.6953125 0.86203125 0.7011718765625 0.85078125 0.69921875 0.78328125 0.6933593765625 0.74953125 0.6787109375 0.7424999999999999
1 0.5175781234375 0.5667187499999999 0.515625 0.6173437500000001 0.5220348453125 0.7364736609375 0.5461139421875 0.7156693203125 0.54296875 0.6370312499999999 0.5410156234375 0.59203125 0.53125 0.55546875 0.5244140625 0.55125 0.5175781234375 0.5667187499999999
3 0.203125 0.17578125 0.21484375 0.19546875 0.2246093765625 0.00421875 0.1962890625 0 0.19921875 0.15046874999999998 0.203125 0.17578125
3 0.15234375 0.09421874999999999 0.1630859375 0 0.1425781234375 0.00140625 0.14453125 0.08015625 0.15234375 0.09421874999999999
1 0.7099609375 0.68625 0.7109375 0.74671875 0.7312513703125 0.86154706875 0.753636615625 0.8937818234374999 0.7583850015625 0.860570259375 0.7427831640625 0.8156369640625 0.7402343765625 0.76359375 0.7402343765625 0.67640625 0.7324218765625 0.68203125 0.7294921875 0.7171875015625 0.7099609375 0.68625
1 0.471856315625 0.46003236718749996 0.461758221875 0.475895553125 0.45166013125 0.4917587359375 0.44339805625000006 0.5023341921875 0.42779191250000004 0.51290965 0.41677581249999995 0.5142315828124999 0.41677581249999995 0.5287728359375 0.4241198796875 0.536704428125 0.43238195468749996 0.5433140890625 0.445234071875 0.5393482921875 0.45716818124999997 0.5314166984375001 0.4727743234375 0.5142315828124999 0.477364365625 0.498368396875 0.4874624578125 0.48514907812499997 0.4966425421875 0.46928589218749994 0.5049046171875 0.45342270625000003 0.51041266875 0.4322717921875 0.515002709375 0.41376474375 0.51867474375 0.3886480359375 0.51867474375 0.3661751875 0.5113306765625001 0.35295586874999996 0.5030686015625 0.35427780000000003 0.49388851562499997 0.35427780000000003 0.488380465625 0.38600416875 0.48195440625 0.41773054062500004 0.4782823734375 0.43888145468750006 0.471856315625 0.46003236718749996
1 0.45349614687499995 0.428305996875 0.45992220625 0.4547446375 0.471856315625 0.467963959375 0.483790425 0.487792940625 0.49847855937499996 0.494402603125 0.5140847015625 0.48911487343750004 0.52418279375 0.475895553125 0.5388709281249999 0.4706078234375 0.53519889375 0.4547446375 0.5177567359374999 0.4587104359375 0.500314575 0.47457361875000004 0.488380465625 0.4719297546875 0.4810363984375 0.44813497812499997 0.48011839062500006 0.42566213125 0.482872415625 0.3965796265625 0.490216484375 0.3701409859375 0.490216484375 0.33973654531249997 0.49388851562499997 0.310654040625 0.4847084328125 0.30140051562500003 0.4663482640625 0.29875665156250003 0.463594240625 0.3265172265625 0.45349614687499995 0.36749712031250004 0.45166013125 0.4005454234375 0.45349614687499995 0.428305996875