0 0.2871093765625 0.160454509375 0.2783203125 0.1530942125 0.2568359375 0.15898245 0.2558593765625 0.20461630312499998 0.265625 0.25761045312499997 0.3203125 0.4048164265625 0.3876953125 0.5122767859375 0.4345703125 0.559382696875 0.44921875 0.5637988765624999 0.4511718765625 0.549078278125 0.390625 0.46369881562500004 0.33203125 0.3312134390625 0.2871093765625 0.160454509375
1 0.51953125 0.42542526093750005 0.4951171875 0.36801493125 0.4775390625 0.3709590515625 0.46875 0.39892818750000003 0.49609375 0.5019723671875 0.5136718765625 0.6109047875 0.5527343765625 0.7168930890625 0.5761718765625 0.7345578046875 0.5839843765625 0.7286695671875 0.5625 0.6609548171874999 0.55859375 0.6109047875 0.51953125 0.42542526093750005
1 0.8222656234375 0.68745189375 0.8046875 0.63445774375 0.7890625 0.45781057656249996 0.76953125 0.32238108125 0.7646484375 0.3120766625 0.7451171875 0.30618842343749997 0.734375 0.3164928421875 0.7324218765625 0.363598753125 0.7558593765625 0.516692965625 0.76171875 0.6109047875 0.76953125 0.655066578125 0.80078125 0.7463342828124999 0.796875 0.7581107609375 0.8046875 0.763999 0.828125 0.8346578671874999 0.84375 0.8434902234375 0.8339843765625 0.87293141875 0.8339843765625 0.934757928125 0.83984375 0.9435902859375 0.8535156234375 0.8758755390624999 0.84765625 0.8111049109374999 0.828125 0.74044604375 0.8222656234375 0.68745189375
3 0.6494140625 0.250250153125 0.6083984375 0.3032443046875 0.5810546875 0.3179649015625 0.5625 0.313548721875 0.5712890625 0.3385737390625 0.5917968765625 0.342989915625 0.6298828125 0.3297413796875 0.66015625 0.2929398859375 0.671875 0.2634986921875 0.6494140625 0.250250153125
3 0.6748046875 0 0.6699218765625 0.0132485375 0.6796875 0.051522090625 0.6816406234375 0.1192368375 0.671875 0.19283982500000002 0.6582031234375 0.234057496875 0.68359375 0.2517222140625 0.7089843765625 0.1898957046875 0.7207031234375 0.1221809578125 0.71875 0.0691868078125 0.703125 0.0191367765625 0.6884765625 0 0.6748046875 0
3 0.9121093765625 0.30766048281249997 0.89453125 0.2193368984375 0.890625 0.21639278125 0.8896484375 0.2325854390625 0.8921568625 0.137931034375 0.8986928109375001 0.0197044328125 0.8709150328125 0.0049261078125 0.8505859375 0.10304418281250001 0.8457031234375 0.11629271875 0.8457031234375 0.19283982500000002 0.8535156234375 0.24583397499999998 0.9238281234375 0.4519223375 0.94140625 0.5343576828125001 0.9482421875 0.550550340625 0.9628906234375 0.5579106375 0.96875 0.549078278125 0.9589843765625 0.45486645625 0.9394531234375 0.37831935 0.9121093765625 0.30766048281249997
1 0.5703125 0.5667429953124999 0.5556640625 0.5652709359375 0.5527343765625 0.59029595 0.5683593765625 0.6815636546875 0.5996093765625 0.76694311875 0.63671875 0.8376019859375001 0.640625 0.7816637171874999 0.6035156234375 0.6845077734375 0.5957031234375 0.6403459828125 0.5703125 0.5667429953124999
1 0.4169921875 0.60060036875 0.4121093765625 0.6079606671875 0.4560546875 0.6300415640625 0.4863281234375 0.6285695046875001 0.51171875 0.6167930265625 0.5048828125 0.5741032953125 0.4775390625 0.5976562515625 0.4169921875 0.60060036875
3 0.2890625 0.1545662703125 0.2910156234375 0.184007465625 0.30078125 0.19283982500000002 0.37254902031250003 0.0541871921875 0.3513071890625 0 0.3235294125 0.049261084375 0.2890625 0.1545662703125
3 0.3613281234375 0.001472059375 0.3730468765625 0.0691868078125 0.37109375 0.1369015546875 0.3574218765625 0.160454509375 0.36328125 0.16634274843750002 0.37890625 0.14867803125 0.39453125 0.09568388125 0.3896484375 0 0.3613281234375 0.001472059375
3 0.8300781234375 0.4048164265625 0.8203125 0.4519223375 0.7949218765625 0.49314000937499997 0.7958984375 0.506388546875 0.80859375 0.5049164875 0.8291015625 0.49461206874999997 0.8359375 0.48136353125 0.8583984375 0.39156788593749997 0.8300781234375 0.4048164265625
3 0.83984375 0.3253252 0.83203125 0.3812634703125 0.8378906234375 0.387151709375 0.8662109375 0.3709590515625 0.875 0.3371016765625 0.8564453125 0.2590825125 0.83984375 0.3253252
1 0.7246093765625 0.4901958890625 0.7324218765625 0.5785194734375 0.7421875 0.60501655 0.7480468765625 0.4666429328125 0.7373046875 0.42100908437499995 0.7285156234375 0.4342576203125 0.7246093765625 0.4901958890625
1 0.7558593765625 0.6903960125 0.78515625 0.7698872390625 0.796875 0.8493784625 0.8125 0.8552667015625 0.8125 0.78755195625 0.7714843765625 0.655066578125 0.7626953125 0.6064886078125 0.7558593765625 0.6903960125
3 0.5224609375 0.141317734375 0.5029296875 0.13542949531249998 0.49609375 0.15751039218750001 0.49609375 0.19872806406250001 0.5058593765625 0.25761045312499997 0.5253906234375 0.310604603125 0.5400390625 0.3297413796875 0.55078125 0.3282693203125 0.55859375 0.298828125 0.5332031234375 0.21050454218749998 0.52734375 0.1545662703125 0.5224609375 0.141317734375
3 0.0517578125 0 0.046875 0.0132485375 0.0527343765625 0.10746035937500001 0.044921876562500004 0.1869515859375 0.0527343765625 0.23700161562500002 0.06445312343750001 0.2517222140625 0.0625 0.1751751078125 0.0859375 0.078019165625 0.0810546875 0 0.0517578125 0