3 0.234375 0.6611328125 0.2734374984375 0.6064453125 0.3046874984375 0.5146484375 0.3515625015625 0.4541015625 0.350260415625 0.4433593765625 0.3294270828125 0.44921875 0.2890625015625 0.4873046875 0.20572916718749998 0.6494140625 0.1927083328125 0.7080078125 0.203125 0.7294921875 0.23177083281250002 0.7392578125 0.23958333281250002 0.7333984375 0.22395833281250002 0.7158203125 0.22395833281250002 0.6904296875 0.234375 0.6611328125
1 0.4244791671875 0.8291015625 0.43489583437499996 0.8447265625 0.4583333328125 0.8564453125 0.4583333328125 0.7724609375 0.41536458437499996 0.7734375 0.4114583328125 0.7861328125 0.4244791671875 0.8291015625
1 0.48046875 0.5214843765625 0.4557291671875 0.5244140625 0.4557291671875 0.5576171875 0.4479166671875 0.5654296875 0.4270833328125 0.6611328125 0.4140625015625 0.7509765625 0.4322916671875 0.7529296875 0.45703125 0.75 0.46614583437499996 0.7294921875 0.484375 0.5849609375 0.48046875 0.5214843765625
3 0.9635416671874999 0.5146484375 0.9114583328125001 0.6435546875 0.903645834375 0.8017578125 0.90625 0.8251953125 0.9166666671874999 0.8330078125 0.940104165625 0.6474609375 0.971354165625 0.5751953125 0.9700520828125001 0.5136718765625 0.9635416671874999 0.5146484375
1 0.1822916671875 0.6572265625 0.1953125015625 0.6767578125 0.216145834375 0.6279296875 0.20182291718749998 0.55859375 0.171875 0.5615234375 0.1822916671875 0.6572265625
1 0.38671875 0.7519531234375 0.3111979171875 0.734375 0.24479166718749998 0.6904296875 0.23958333281250002 0.6728515625 0.25 0.6572265625 0.2421874984375 0.6513671875 0.22395833281250002 0.6943359375 0.2265625015625 0.7177734375 0.243489584375 0.7363281234375 0.27734375 0.7578125 0.31640625 0.76953125 0.40885416562500004 0.7744140625 0.51171875 0.7578125 0.5130208328125 0.7529296875 0.5013020828125 0.7480468765625 0.38671875 0.7519531234375
1 0.80078125 0.6621093765625 0.78125 0.6689453125 0.778645834375 0.7119140625 0.796875 0.7451171875 0.8125 0.7509765625 0.8177083328125001 0.7412109375 0.8020833328125001 0.7001953125 0.809895834375 0.6650390625 0.80078125 0.6621093765625
3 0.690104165625 0.3974609375 0.6875 0.3583984375 0.678385415625 0.3417968765625 0.6614583328125 0.3603515625 0.6510416671875 0.4482421875 0.6380208328125 0.4814453125 0.5625 0.6240234375 0.5546874984375 0.7060546875 0.565104165625 0.7158203125 0.5885416671875 0.6259765625 0.6197916671875 0.5869140625 0.6796874984375 0.4697265625 0.690104165625 0.3974609375
3 0.7447916671875 0.4208984375 0.7291666671875 0.3818359375 0.7239583328125 0.3134765625 0.712239584375 0.3027343765625 0.6979166671875 0.3173828125 0.690104165625 0.3505859375 0.721354165625 0.4697265625 0.7369791671875 0.6279296875 0.7447916671875 0.6455078125 0.765625 0.6591796875 0.752604165625 0.6064453125 0.7630208328125 0.5751953125 0.7604166671875 0.5126953125 0.7447916671875 0.4208984375
3 0.0455729171875 0.60546875 0.014322917187500001 0.60546875 0 0.6123046875 0.0013020828125 0.6308593765625 0.0455729171875 0.6269531234375 0.065104165625 0.6455078125 0.065104165625 0.6572265625 0.078125 0.6591796875 0.091145834375 0.6533203125 0.09375 0.6376953125 0.07682291718749999 0.6152343765625 0.0455729171875 0.60546875
1 0.3072916671875 0.5478515625 0.3046874984375 0.6650390625 0.2942708328125 0.6962890625 0.28125 0.7041015625 0.28515625 0.7109375 0.2994791671875 0.7099609375 0.3255208328125 0.6689453125 0.3307291671875 0.5751953125 0.32421875 0.54296875 0.3072916671875 0.5478515625
1 0.359375 0.5830078125 0.359375 0.5517578125 0.34765625 0.5449218765625 0.3359374984375 0.5537109375 0.3359374984375 0.5791015625 0.3567708328125 0.6416015625 0.3854166671875 0.6787109375 0.4114583328125 0.6845703125 0.4192708328125 0.6728515625 0.4049479171875 0.6699218765625 0.3854166671875 0.6494140625 0.359375 0.5830078125
3 0.7604166671875 0.5849609375 0.76171875 0.59765625 0.78125 0.5966796875 0.80859375 0.5917968765625 0.8255208328125001 0.5791015625 0.8111979171874999 0.5761718765625 0.7604166671875 0.5849609375
3 0.67578125 0.4941406234375 0.6666666671875 0.5166015625 0.6744791671875 0.5751953125 0.69140625 0.58984375 0.734375 0.5966796875 0.734375 0.5849609375 0.709635415625 0.5761718765625 0.6875 0.5498046875 0.67578125 0.4941406234375
3 0.6875 0.4794921875 0.6875 0.5302734375 0.6953125015625 0.5380859375 0.71875 0.4833984375 0.716145834375 0.4443359375 0.7018229171875 0.4199218765625 0.6875 0.4794921875