3 0.80078125 0.69873046875 0.7832031234375 0.64599609375 0.7412109375 0.5859375 0.6923828125 0.5595703140625 0.6767578125 0.5361328140625 0.6708984375 0.5390625 0.6777343765625 0.58154296875 0.7275390625 0.6298828140625 0.75390625 0.68408203125 0.7714843765625 0.75732421875 0.7734375 0.79833984375 0.79296875 0.83642578125 0.7949218765625 0.81591796875 0.8105468765625 0.79541015625 0.8125 0.76904296875 0.80078125 0.69873046875
3 0.87109375 0.43212890625 0.8847656234375 0.33837890625 0.8798828125 0.328125 0.8613281234375 0.35595703125 0.8378906234375 0.43798828125 0.8095703125 0.4833984359375 0.7939453125 0.5009765640625 0.7412109375 0.5244140640625 0.71484375 0.56103515625 0.7197265625 0.57421875 0.7441406234375 0.58154296875 0.7724609375 0.544921875 0.8193359375 0.5390625 0.8378906234375 0.51123046875 0.87109375 0.43212890625
1 0.96875 0.18310546875 0.9658203125 0.17578125 0.9345703125 0.17578125 0.88671875 0.22705078125 0.86328125 0.27099609375 0.8691406234375 0.29150390625 0.8847656234375 0.30615234375 0.9199218765625 0.23583984375 0.9462890625 0.19921875 0.9619140625 0.193359375 0.96875 0.18310546875
1 0.11328125 0.43212890625 0.1103515625 0.4130859359375 0.08984375 0.44384765625 0.08203125 0.47021484375 0.07226562343750001 0.54931640625 0.0595703125 0.568359375 0.0234375 0.59326171875 0.0244140625 0.62109375 0.05078125 0.62841796875 0.0693359375 0.626953125 0.09375 0.59033203125 0.1015625 0.49072265625 0.11328125 0.43212890625
1 0.0517578125 0 0.08007812343750001 0.08349609375 0.08984375 0.16845703125 0.10546875 0.22998046875 0.1328125 0.23583984375 0.12304687656249999 0.12451171875 0.10742187656249999 0.06591796875 0.0791015625 0 0.0517578125 0
1 0.2734375 0.36474609375 0.3623046875 0.4775390640625 0.388191178125 0.4896502375 0.471375003125 0.548257021875 0.45479079375 0.5127194312500001 0.4208984375 0.4775390640625 0.3720703125 0.4365234359375 0.2978515625 0.3603515640625 0.2568359375 0.3046875 0.2480468765625 0.30322265625 0.2734375 0.36474609375
3 0 0.26220703125 0.0136718765625 0.28564453125 0.021484376562499997 0.37060546875 0.0201657765625 0.536913771875 0.0327693859375 0.536913771875 0.052935159375 0.48775969531249996 0.0546875 0.38232421875 0.0546875 0.34130859375 0.03125 0.25341796875 0.0009765625 0.22265625 0 0.26220703125
3 0.7509765625 0.09082031406249999 0.7480468765625 0.10107421875 0.8027343765625 0.20654296875 0.8652343765625 0.26806640625 0.8769531234375 0.24462890625 0.87109375 0.23291015625 0.7939453125 0.1171875 0.7509765625 0.09082031406249999
1 0.9052734375 0.6240234359375 0.8964843765625 0.63427734375 0.9443359375 0.662109375 0.9863281234375 0.66943359375 1 0.66064453125 0.9990234375 0.6298828140625 0.9775390625 0.6416015640625 0.9052734375 0.6240234359375
1 0.6972656234375 0.39990234375 0.69921875 0.35302734375 0.6923828125 0.345703125 0.6484375 0.47607421875 0.5839843765625 0.57861328125 0.5605468765625 0.65478515625 0.55078125 0.74267578125 0.5471072484375 0.8222360390624999 0.5597085671875 0.8694909828125 0.5901617546875 0.8852426328125 0.58984375 0.78369140625 0.59375 0.68115234375 0.60546875 0.61376953125 0.6777343765625 0.46728515625 0.6972656234375 0.39990234375
3 0.5107421875 0.7646484359375 0.5244140625 0.767578125 0.5302734375 0.78515625 0.5615234375 0.796875 0.5712890625 0.814453125 0.5888671875 0.8232421859375 0.6152343765625 0.81591796875 0.5927734375 0.796875 0.5654296875 0.755859375 0.5380859375 0.7353515640625 0.5087890625 0.7265625 0.4541015625 0.732421875 0.4091796875 0.7587890640625 0.3759765625 0.8203125 0.3652343765625 0.82177734375 0.3662109375 0.837890625 0.37890625 0.83935546875 0.3671875 0.85986328125 0.3730468765625 0.86279296875 0.3857421875 0.85546875 0.4091796875 0.814453125 0.4814453125 0.7880859359375 0.5107421875 0.7646484359375
3 0.1621093765625 0.79833984375 0.1552734375 0.7880859359375 0.1464843765625 0.79541015625 0.14453125 0.82470703125 0.11914062343750001 0.90380859375 0.1171875 0.99169921875 0.1201171875 0.9990234359375 0.1386718765625 0.99755859375 0.14453125 0.98291015625 0.1464843765625 0.90966796875 0.1621093765625 0.83935546875 0.1621093765625 0.79833984375
1 0.2050781234375 1 0.2207031234375 0.96240234375 0.2177734375 0.9521484359375 0.1904296875 0.9521484359375 0.1386718765625 0.99169921875 0.1416015625 1 0.2050781234375 1
3 0.0009765625 0.158203125 0.0019531234375000002 0.19482421875 0.0341796875 0.1787109359375 0.0625 0.13916015625 0.0703125 0.11572265625 0.0009765625 0.158203125
1 0.6909723046875 0.053555603125 0.682571425 0.0708824171875 0.6962890625 0.1435546859375 0.6933593765625 0.24169921875 0.68360160625 0.34790438749999997 0.7013574921875 0.369544375 0.7257718343749999 0.3662151453125 0.7279913203125 0.2729967453125 0.7265625 0.25048828125 0.72265625 0.16552734375 0.710924390625 0.0850589 0.6909723046875 0.053555603125
1 0.7021484375 0 0.6972656234375 0.01025390625 0.6875 0.05712890625 0.70703125 0.07763671875 0.70703125 0.06591796875 0.7246093765625 0.04248046875 0.7255859375 0 0.7021484375 0
1 0.5097700749999999 0.103487159375 0.5214843765625 0.17138671875 0.5175781234375 0.26513671875 0.5361328125 0.263671875 0.5410156234375 0.28857421875 0.546875 0.28857421875 0.55078125 0.19189453125 0.546875 0.15673828125 0.5340448421875 0.116902159375 0.5097700749999999 0.103487159375
1 0.7001953125 0.6533203140625 0.6894531234375 0.66357421875 0.6855468765625 0.69287109375 0.6894531234375 0.79541015625 0.71875 0.80126953125 0.7265625 0.79541015625 0.7265625 0.75732421875 0.7089843765625 0.66943359375 0.7001953125 0.6533203140625
1 0.0815822015625 0.2808310390625 0.10877626874999999 0.26984881875 0.125511078125 0.276124371875 0.1464295921875 0.27769326250000004 0.164210328125 0.27926215 0.18826661718749998 0.27926215 0.21232290781250002 0.2823999265625 0.22696586718749998 0.2714177078125 0.2206903140625 0.25572882343750003 0.20500142812500002 0.2604354875 0.186174765625 0.2494532703125 0.16943995625 0.24317771562499998 0.15375107187499998 0.23690216249999999 0.14329181562499999 0.22905771874999997 0.1317866328125 0.22905771874999997 0.11086811875 0.2321954953125 0.094133309375 0.23847104843750003 0.0669392421875 0.2416088265625 0.054745253125000004 0.2487688671875 0.030592934375000002 0.239107940625 0.042882953125 0.2714177078125 0.0512503578125 0.293382146875 0.0815822015625 0.2808310390625