3 0.5065359484374999 0.7254901953124999 0.5294117640625 0.7328431375 0.542483659375 0.705882353125 0.542483659375 0.669117646875 0.527777778125 0.58823529375 0.49673202656250004 0.5024509796875 0.48039215625000004 0.48039215625000004 0.46241830000000006 0.4779411765625 0.46405228750000005 0.5245098046875001 0.490196078125 0.6838235296875 0.5065359484374999 0.7254901953124999
3 0.6045751640625 0.8799019609375 0.6192810453125001 0.8970588234375001 0.7009803921875 0.8970588234375001 0.776143790625 0.85539215625 0.7990196078125 0.8259803921875 0.7892156859375 0.811274509375 0.7549019609375 0.811274509375 0.62418300625 0.8357843140625001 0.6111111109375 0.848039215625 0.6045751640625 0.8799019609375
3 0.5571895421875 0.9509803921875 0.5849673203125 0.9852941171875 0.59150326875 0.9583333328125001 0.571895425 0.8455882359375 0.5555555562500001 0.8063725484375001 0.534313725 0.8039215687500001 0.51797385625 0.8259803921875 0.51960784375 0.8627450984375 0.5571895421875 0.9509803921875
3 0.7026143796875 0.33823529375 0.7140522875 0.3431372546875 0.740196078125 0.3063725484375 0.7875816999999999 0.28676470625 0.8267973859375 0.2916666671875 0.8643790843750001 0.313725490625 0.8839869281249999 0.3014705875 0.8839869281249999 0.2794117640625 0.8611111109375 0.23774509843749997 0.8153594765625 0.2181372546875 0.7892156859375 0.2181372546875 0.7271241828125 0.26225490156250003 0.7009803921875 0.311274509375 0.7026143796875 0.33823529375
3 0.9983660125 0.134803921875 0.9934640515625001 0.007352940625 0.87418300625 0.242647059375 0.9003267968750001 0.294117646875 0.9509803921875 0.23284313750000002 0.9983660125 0.134803921875
3 1 0.3921568625 0.9967320265625 0.294117646875 0.9918300656250001 0.294117646875 0.901960784375 0.3357843140625 0.9052287578125 0.4044117640625 0.9493464046875 0.39460784375 1 0.3921568625
3 0.6209150328125 0.6397058828125 0.64379085 0.534313725 0.6372549015625 0.4754901953125 0.6094771234375 0.5073529406249999 0.598039215625 0.57107843125 0.55228758125 0.6544117640625 0.578431371875 0.7009803921875 0.6209150328125 0.6397058828125
3 0.704248365625 0.6764705875 0.76633986875 0.634803921875 0.792483659375 0.58823529375 0.76797385625 0.5857843140625 0.7107843140625 0.590686275 0.6372549015625 0.6323529406249999 0.5931372546875 0.723039215625 0.6470588234375 0.71323529375 0.704248365625 0.6764705875
3 0.47222222187499996 0.7622549015625 0.44934640468750003 0.6911764703125 0.439542484375 0.6004901953124999 0.44444444375 0.438725490625 0.421568628125 0.438725490625 0.385620915625 0.5759803921875 0.3986928109375 0.7254901953124999 0.42973856250000003 0.7892156859375 0.47222222187499996 0.7622549015625
3 0.4591503265625 0.7107843140625 0.490196078125 0.7205882359375 0.4771241828125 0.6372549015625 0.4526143796875 0.4509803921875 0.44281045781249995 0.490196078125 0.44281045781249995 0.6372549015625 0.4591503265625 0.7107843140625
3 0.5833333328125 0.203431371875 0.62418300625 0.188725490625 0.5310457515625 0.1495098046875 0.49346405156250006 0.1470588234375 0.5 0.171568628125 0.5245098046875001 0.20098039218750002 0.5702614374999999 0.2279411765625 0.5833333328125 0.203431371875