1 0.4472656234375 0.2839926859375 0.44921875 0.213347740625 0.4580078125 0.161070478125 0.4462890625 0.166722075 0.4277343765625 0.19921875 0.4160156234375 0.2529089109375 0.4121093765625 0.41397938749999996 0.41648953593750004 0.5004483 0.4341373984375 0.5089593265625 0.4623739765625 0.5004483 0.4609375 0.4055019953125 0.4472656234375 0.2839926859375
3 0.1669921875 0.23171542500000003 0.1357421875 0.21193484218749997 0.1484375 0.25856050625 0.2089843765625 0.3715924203125 0.2373046875 0.4012632984375 0.2441406234375 0.3998504 0.2646484375 0.38713430781249997 0.2675781234375 0.3744182171875 0.2402343765625 0.32072805937500004 0.1669921875 0.23171542500000003
3 0.07226562343750001 0.1313996 0.0654296875 0.12433510625 0.037109376562500004 0.18508976093750001 0.03125 0.2500831109375 0.0546875 0.36594082499999997 0.078125 0.430934175 0.09179687656249999 0.4337599734375 0.1015625 0.35181183437499997 0.06445312343750001 0.213347740625 0.07226562343750001 0.1511801875 0.07226562343750001 0.1313996
1 0.578125 0.4055019953125 0.5839843765625 0.3744182171875 0.6152343765625 0.317902259375 0.62109375 0.2952958765625 0.6162109375 0.2712765953125 0.5644531234375 0.3461602390625 0.54296875 0.40832779218750004 0.546875 0.4987533234375 0.5625 0.569398271875 0.5849609375 0.6188497359375 0.5996093765625 0.6202626328124999 0.61328125 0.5948304515625 0.61328125 0.5580950796875 0.5800781234375 0.4394115703125 0.578125 0.4055019953125
3 0.5214843765625 0.3489860375 0.5214843765625 0.337682846875 0.5126953125 0.33344414843750003 0.4863281234375 0.3913730046875 0.4824218765625 0.478972740625 0.5 0.583527259375 0.5214843765625 0.5920046546875 0.5292968765625 0.583527259375 0.5292968765625 0.5411402937500001 0.51171875 0.4365857703125 0.5214843765625 0.3489860375
3 0.7871093765625 0.445063165625 0.7949218765625 0.3744182171875 0.7900390625 0.37017952187500003 0.7597656234375 0.445063165625 0.7558593765625 0.535488696875 0.78125 0.6117852390625 0.8232421875 0.6781914890625 0.8359375 0.6852559828125 0.84375 0.6796043875 0.84375 0.6372174203125 0.7910156234375 0.510056515625 0.7871093765625 0.445063165625
3 0.7587890625 0.4323470734375 0.7373046875 0.418218084375 0.7138671875 0.42386968124999996 0.6806640625 0.452127659375 0.65625 0.49027593124999996 0.6230468765625 0.5609208765625 0.61328125 0.603307846875 0.6142578125 0.6131981375 0.64453125 0.6259142296875 0.7011718765625 0.4817985359375 0.7236328125 0.44930186250000004 0.7568359375 0.4464760640625 0.7587890625 0.4323470734375
3 0.9453125 0.21899933593749998 0.9287109375 0.1921542546875 0.91015625 0.210521940625 0.89453125 0.2472573140625 0.8886718765625 0.34050864375 0.9013671875 0.375831115625 0.9443359375 0.3390957453125 0.9277343765625 0.385721409375 0.93359375 0.3913730046875 0.95703125 0.3715924203125 0.9609375 0.334857046875 0.94140625 0.261386303125 0.9453125 0.21899933593749998
3 0.3535156234375 0.5439660890625 0.3535156234375 0.55526928125 0.3837890625 0.5905917546875 0.43359375 0.6146110375 0.4316406234375 0.5807014640625 0.4228515625 0.5566821796875 0.3740234375 0.5199468078125 0.3535156234375 0.5439660890625
3 1 0.8774102390625 0.9404296875 0.830784575 0.9208984375 0.7997007984375 0.9160156234375 0.82089428125 0.9316406234375 0.868932846875 1 0.9395777921875 1 0.8774102390625
3 0.9355468765625 0.5411402937500001 0.96875 0.49310172812499997 0.9677734375 0.48321143749999995 0.9462890625 0.48321143749999995 0.9160156234375 0.5157081109375 0.89453125 0.586353059375 0.8964843765625 0.6428690171875 0.9065429015625 0.6657710921875 0.9315331515624999 0.6944466234375 0.9349800828125 0.6557969921875 0.9296875 0.6004820468750001 0.9355468765625 0.5411402937500001