1 0.3359375 0.20947265625 0.3291015625 0.2021484359375 0.3144531234375 0.21240234375 0.3066406234375 0.34423828125 0.2890625 0.42626953125 0.2597656234375 0.51708984375 0.2597656234375 0.54345703125 0.265625 0.54931640625 0.3144531234375 0.43798828125 0.3300781234375 0.38525390625 0.3417968765625 0.25048828125 0.3359375 0.20947265625
1 0.4941406234375 0.32666015625 0.4765625 0.26806640625 0.4765625 0.21826171875 0.4541015625 0.2109375 0.4453125 0.26513671875 0.4609375 0.33837890625 0.4833984375 0.3720703140625 0.5341796875 0.4130859359375 0.578125 0.41455078125 0.5839843765625 0.40283203125 0.5771484375 0.392578125 0.5283203125 0.3720703140625 0.4941406234375 0.32666015625
1 0.4394531234375 0.38818359375 0.4296875 0.35009765625 0.4296875 0.29150390625 0.4248046875 0.287109375 0.41796875 0.36767578125 0.4121093765625 0.37646484375 0.41015625 0.60791015625 0.42578125 0.72509765625 0.4355468765625 0.74267578125 0.44140625 0.73388671875 0.44140625 0.70166015625 0.4316406234375 0.56396484375 0.4394531234375 0.38818359375
1 0.5537109375 0.57421875 0.5390625 0.49951171875 0.5410156234375 0.42041015625 0.5126953125 0.4013671859375 0.5078125 0.49072265625 0.5234375 0.57275390625 0.5576171875 0.615234375 0.5878906234375 0.61669921875 0.625 0.56396484375 0.6162109375 0.5595703140625 0.5830078125 0.5830078140625 0.5537109375 0.57421875
1 0.53515625 0.68408203125 0.53515625 0.59912109375 0.5107421875 0.5419921859375 0.5019531234375 0.55517578125 0.5 0.68994140625 0.4707031234375 0.78955078125 0.4667968765625 0.83349609375 0.4550781234375 0.85107421875 0.453125 0.86865234375 0.4609375 0.87744140625 0.4814453125 0.8583984359375 0.5 0.82470703125 0.5234375 0.74853515625 0.53515625 0.68408203125
3 0.6259765625 0 0.6015625 0.00439453125 0.5839843765625 0.12451171875 0.55859375 0.20068359375 0.5390625 0.21240234375 0.5419921875 0.228515625 0.5605468765625 0.23583984375 0.5878906234375 0.19482421875 0.61328125 0.13037109375 0.625 0.06005859375 0.6259765625 0
3 0.2060546875 0.1787109359375 0.1933593765625 0.18896484375 0.171875 0.34423828125 0.1386718765625 0.42919921875 0.1425781234375 0.44384765625 0.17578125 0.39697265625 0.19921875 0.34130859375 0.20703125 0.29150390625 0.2060546875 0.1787109359375
1 0.58203125 0.42626953125 0.58203125 0.54052734375 0.5839843765625 0.57568359375 0.5917968765625 0.57861328125 0.6035156234375 0.56689453125 0.6074218765625 0.45263671875 0.5869140625 0.41015625 0.58203125 0.42626953125
3 0.2480468765625 0.16552734375 0.2597656234375 0.25341796875 0.2792968765625 0.30908203125 0.29296875 0.31787109375 0.27734375 0.24755859375 0.2675781234375 0.10986328125 0.2548828125 0.09667968593750001 0.2480468765625 0.16552734375
3 0.1904296875 0.1845703140625 0.1728515625 0.19921875 0.1640625 0.22412109375 0.16015625 0.29443359375 0.1503906234375 0.33837890625 0.1503906234375 0.35888671875 0.15625 0.36181640625 0.1660156234375 0.34716796875 0.1855468765625 0.27392578125 0.1933593765625 0.20654296875 0.1904296875 0.1845703140625
3 0.8313900515625001 0.21952434062499998 0.8454022437500001 0.240542628125 0.8625282562500001 0.21952434062499998 0.8765404484375001 0.18682922500000002 0.8812111781249999 0.1354511890625 0.8796542687500001 0.095749978125 0.868755896875 0.07706705625 0.85318679375 0.095749978125 0.8578575265625 0.1307804578125 0.8563006156249999 0.1751524 0.8422884234374999 0.20317678125 0.8313900515625001 0.21952434062499998
3 0.11349517499999999 0.22006991406249998 0.1342564890625 0.2532880140625 0.1480973625 0.2761254578125 0.15640188906250002 0.2761254578125 0.1591700640625 0.2532880140625 0.14948145156249998 0.22422217656250001 0.1397928375 0.1972324703125 0.1287201390625 0.1681666328125 0.1176474375 0.13910079375 0.10242247499999999 0.13079627031250002 0.0899656875 0.1287201375 0.080277075 0.10588269374999999 0.080277075 0.07266459374999999 0.0816611640625 0.0456748875 0.06366802499999999 0.047751020312499996 0.056747587499999995 0.0581316765625 0.0622839375 0.08927364531250001 0.074740725 0.1328724 0.0899656875 0.1785472890625 0.11349517499999999 0.22006991406249998