1 0.6642156859375 0.55392156875 0.6323529406249999 0.5555555562500001 0.625 0.5833333328125 0.66176470625 0.6748366015625 0.67892156875 0.6503267968750001 0.6642156859375 0.55392156875
3 0.7319730703125 0.6156908484375 0.7475490203125 0.5212418296875 0.7205882359375 0.5065359484374999 0.7107843140625 0.51797385625 0.7107843140625 0.5833333328125 0.688725490625 0.6225490203125 0.707775615625 0.6210680609375 0.7319730703125 0.6156908484375
3 0.7818627453125 0.5310457515625 0.7524509796875 0.5228758171875 0.7524509796875 0.55228758125 0.7990196078125 0.6078431375 0.8063725484375001 0.5866013078125001 0.7818627453125 0.5310457515625
1 0.546568628125 0.7728758171875 0.563725490625 0.7794117640625 0.580882353125 0.76633986875 0.5392156859375 0.6846405234375 0.526960784375 0.6944444437499999 0.5 0.6944444437499999 0.5 0.707516340625 0.546568628125 0.7728758171875
3 0.6225490203125 0.707516340625 0.6225490203125 0.6993464046875 0.563725490625 0.6568627453125 0.526960784375 0.6192810453125001 0.5049019609375 0.6078431375 0.490196078125 0.6078431375 0.4828431375 0.6192810453125001 0.48774509843749997 0.64379085 0.57107843125 0.6944444437499999 0.6225490203125 0.707516340625
1 0.3072217296875 0.8554751453125 0.333447975 0.8592217515625 0.3652941328125 0.8542262765625 0.3952669828125 0.84798193125 0.3652941328125 0.83549324375 0.30347512499999996 0.8192579500000001 0.2916666671875 0.7859477125 0.2647058828125 0.7859477125 0.259803921875 0.812091503125 0.26960784375 0.830065359375 0.2818627453125 0.83986928125 0.3072217296875 0.8554751453125
1 0.25245097968749997 0.9787581703124999 0.296568628125 0.965686275 0.2916666671875 0.9150326796874999 0.3063725484375 0.8921568625 0.3063725484375 0.8839869281249999 0.2892156859375 0.8905228765625001 0.2720588234375 0.8823529406249999 0.259803921875 0.8856209156249999 0.26225490156250003 0.9068627453125 0.23774509843749997 0.918300653125 0.2549019609375 0.9591503265625001 0.25245097968749997 0.9787581703124999
3 0.078431371875 0.98039215625 0.0955882359375 0.98039215625 0.12254902031249999 0.965686275 0.14215686249999998 0.9281045750000001 0.132352940625 0.8627450984375 0.1078431375 0.8611111109375 0.0931372546875 0.8692810453125001 0.10539215625000001 0.9166666671874999 0.09068627500000001 0.9624183000000001 0.0661764703125 0.973856209375 0.078431371875 0.98039215625
1 0.330882353125 0.51960784375 0.23529411718749998 0.4607843140625 0.223039215625 0.45751634062499996 0.2107843140625 0.46568627500000004 0.2107843140625 0.4771241828125 0.294117646875 0.51633986875 0.313725490625 0.5228758171875 0.330882353125 0.51960784375
1 0.20588235312499997 0.58986928125 0.20588235312499997 0.55228758125 0.1911764703125 0.4787581703125 0.169117646875 0.4607843140625 0.151960784375 0.46241830000000006 0.17892156875 0.5326797390625 0.1764705875 0.5849673203125 0.1985294125 0.5931372546875 0.20588235312499997 0.58986928125
3 0.6495098046875001 0.3594771234375 0.6421568625 0.312091503125 0.6176470593750001 0.30228758125 0.60539215625 0.3186274515625 0.6200980390625 0.3888888890625 0.6936274515624999 0.4509803921875 0.686274509375 0.41339869218749997 0.6495098046875001 0.3594771234375