1 0.69921875 0.38232421875 0.69921875 0.35302734375 0.6904296875 0.3369140640625 0.68359375 0.37939453125 0.6484375 0.47607421875 0.5839843765625 0.57861328125 0.5605468765625 0.65478515625 0.54594611875 0.85718643125 0.591866821875 0.8820601453125001 0.5917968765625 0.70458984375 0.60546875 0.61376953125 0.6816406234375 0.45556640625 0.69921875 0.38232421875
1 0.2568359375 0.3046875 0.2480468765625 0.30322265625 0.27734375 0.37060546875 0.3623046875 0.4775390640625 0.3955078125 0.474609375 0.41796875 0.48779296875 0.4208984375 0.4775390640625 0.3720703125 0.4365234359375 0.2978515625 0.3603515640625 0.2568359375 0.3046875
1 0.11328125 0.43212890625 0.1103515625 0.4130859359375 0.08398437656249999 0.46142578125 0.07226562343750001 0.54931640625 0.0595703125 0.568359375 0.0234375 0.59326171875 0.0244140625 0.62109375 0.05078125 0.62841796875 0.0693359375 0.626953125 0.09375 0.59033203125 0.1015625 0.49072265625 0.11328125 0.43212890625
1 0.0517578125 0 0.08007812343750001 0.08349609375 0.08984375 0.16845703125 0.10546875 0.22998046875 0.1328125 0.23583984375 0.12304687656249999 0.12451171875 0.10742187656249999 0.06591796875 0.0791015625 0 0.0517578125 0
1 0.96875 0.18310546875 0.9658203125 0.17578125 0.9345703125 0.17578125 0.88671875 0.22705078125 0.86328125 0.27099609375 0.8691406234375 0.29150390625 0.8847656234375 0.30615234375 0.9199218765625 0.23583984375 0.9462890625 0.19921875 0.9619140625 0.193359375 0.96875 0.18310546875
3 0.80078125 0.69580078125 0.7832031234375 0.64599609375 0.7412109375 0.5859375 0.6923828125 0.5595703140625 0.6767578125 0.5361328140625 0.6708984375 0.5390625 0.6777343765625 0.58154296875 0.7275390625 0.6298828140625 0.75390625 0.68408203125 0.7714843765625 0.75732421875 0.7734375 0.79833984375 0.79296875 0.83642578125 0.7949218765625 0.81591796875 0.8105468765625 0.79248046875 0.8125 0.76904296875 0.80078125 0.69580078125
3 0.87109375 0.43212890625 0.8847656234375 0.33837890625 0.8798828125 0.328125 0.8613281234375 0.35595703125 0.8378906234375 0.43798828125 0.8095703125 0.4833984359375 0.7939453125 0.5009765640625 0.7412109375 0.5244140640625 0.7128906234375 0.56689453125 0.7441406234375 0.58154296875 0.7724609375 0.544921875 0.8193359375 0.5390625 0.8378906234375 0.51123046875 0.87109375 0.43212890625
1 0.2050781234375 1 0.2207031234375 0.96240234375 0.2177734375 0.9521484359375 0.1904296875 0.9521484359375 0.1386718765625 0.99169921875 0.1416015625 1 0.2050781234375 1
3 0.1621093765625 0.79833984375 0.1552734375 0.7880859359375 0.1464843765625 0.79541015625 0.14453125 0.82470703125 0.11914062343750001 0.90380859375 0.1171875 0.99169921875 0.1201171875 0.9990234359375 0.1386718765625 0.99755859375 0.14453125 0.98291015625 0.1464843765625 0.90966796875 0.1621093765625 0.83935546875 0.1621093765625 0.79833984375
3 0 0.26220703125 0.0136718765625 0.28564453125 0.021484376562499997 0.36767578125 0.01785805 0.5319147937500001 0.0408184015625 0.5319147937500001 0.05867645312500001 0.4381600296875 0.0566406234375 0.37939453125 0.048828123437499996 0.31494140625 0.03125 0.25341796875 0.0009765625 0.22265625 0 0.26220703125
3 0.9554712265624999 0.3439167328125 0.8878636656250001 0.2535283609375 0.7939453125 0.1171875 0.7509765625 0.09082031406249999 0.7480468765625 0.10107421875 0.8027343765625 0.20654296875 0.8617318718750001 0.28439268125 0.8720199796875001 0.3086432203125 0.9201977171875001 0.3813948375 0.9451831203125 0.3791902421875 0.9554712265624999 0.3439167328125
3 0.92578125 0.40576171875 0.921875 0.42333984375 0.9394531234375 0.44677734375 0.97265625 0.39404296875 0.9853515625 0.322265625 0.9423828125 0.3720703140625 0.92578125 0.40576171875
1 0.5490196078125 0.2818627453125 0.5497728453125 0.2104698828125 0.545751634375 0.1568627453125 0.52936364375 0.11671511718750001 0.51150559375 0.10523494062500001 0.5212418296875 0.169117646875 0.51633986875 0.2671568625 0.5359477125 0.2671568625 0.544117646875 0.2892156859375 0.5490196078125 0.2818627453125
1 0.704117425 0.361625525 0.721975475 0.35397207656249996 0.7254901953124999 0.25 0.722222221875 0.171568628125 0.721975475 0.1358487421875 0.7143220265625 0.097581490625 0.6849838 0.051660789062500004 0.6944444437499999 0.14215686249999998 0.6944444437499999 0.242647059375 0.6849838 0.3386651734375 0.704117425 0.361625525
3 0.490196078125 0.7706971671875 0.515613653125 0.7434640515625001 0.545751634375 0.78676470625 0.5686274515624999 0.811274509375 0.596405228125 0.8235294124999999 0.614379084375 0.813725490625 0.5375816999999999 0.7352941171875 0.490196078125 0.7254901953124999 0.454248365625 0.7328431375 0.40849673124999997 0.7573529406249999 0.3611111109375 0.8259803921875 0.3529411765625 0.8725490203125 0.37254902031250003 0.8602941171875 0.46296296249999996 0.778867103125 0.490196078125 0.7706971671875