1 0.9607843140625001 1 0.8997821343749999 0.9771241828124999 0.8692810453125001 0.9346405234375 0.8453159046875 0.9232026140625 0.7494553374999999 0.7794117640625 0.7363834421875 0.73202614375 0.69498910625 0.669934640625 0.6928104578125 0.6307189546874999 0.6753812640625 0.6094771234375 0.6797385625000001 0.6029411765625 0.69716775625 0.60620915 0.71459695 0.58986928125 0.7385620921875 0.5506535953125 0.7385620921875 0.542483659375 0.7276688453125 0.5408496734375 0.6797385625000001 0.5686274515624999 0.6688453156249999 0.6192810453125001 0.6557734203125001 0.6307189546874999 0.6666666671875 0.722222221875 0.705882353125 0.794117646875 0.71459695 0.846405228125 0.7254901953124999 0.8529411765624999 0.7189542484375 0.8856209156249999 0.7363834421875 0.8856209156249999 0.7494553374999999 0.8970588234375001 0.7995642703125 0.972222221875 0.7995642703125 0.9901960781250001 0.8169934640625 1 0.9607843140625001 1
3 0.117647059375 0.313725490625 0.1220043578125 0.419934640625 0.135076253125 0.436274509375 0.16122004375 0.578431371875 0.1764705875 0.6127450984375 0.20915032656250002 0.653594771875 0.3071895421875 0.7173202609375 0.33986928125000004 0.73366013125 0.37690631875 0.7352941171875 0.3986928109375 0.7205882359375 0.39651416093749997 0.6928104578125 0.383442265625 0.689542484375 0.37472766874999996 0.69607843125 0.2461873640625 0.6307189546874999 0.224400871875 0.6029411765625 0.20479302812500003 0.534313725 0.2026143796875 0.428104575 0.18082788593750002 0.37745097968749997 0.1764705875 0.30392156875 0.115468409375 0.15849673125 0.08714596875 0.12418300625 0.037037037499999995 0.0866013078125 0.026143790625000003 0.09477124218750001 0.0348583875 0.12418300625 0.069716775 0.186274509375 0.117647059375 0.313725490625
3 0.2701525046875 0 0.2810457515625 0.0228758171875 0.2810457515625 0.1372549015625 0.26579520625 0.20588235312499997 0.27886710312499996 0.22875817031249998 0.2723311546875 0.2859477125 0.2810457515625 0.2990196078125 0.2875817 0.509803921875 0.3246187359375 0.614379084375 0.331154684375 0.671568628125 0.3246187359375 0.686274509375 0.357298475 0.7287581703125 0.3812636171875 0.73366013125 0.3943355125 0.722222221875 0.3986928109375 0.6830065359375 0.41176470624999995 0.66176470625 0.41176470624999995 0.5996732031249999 0.4052287578125 0.5555555562500001 0.3812636171875 0.4983660125 0.385620915625 0.44117647031249996 0.37254902031250003 0.42973856250000003 0.3812636171875 0.313725490625 0.3703703703125 0.2908496734375 0.3638344234375 0.23529411718749998 0.3638344234375 0.135620915625 0.3267973859375 0.034313725 0.328976034375 0 0.2701525046875 0
3 0.355846040625 0.1361655765625 0.374001453125 0.2859477125 0.41031227187499997 0.44389978281250003 0.4684095859375 0.5664488015625 0.5047204078124999 0.7080610015625 0.5519244734375001 0.76797385625 0.58823529375 0.6753812625 0.5519244734375001 0.5255991296875 0.47930283281249997 0.3594771234375 0.4502541765625 0.17701525 0.5047204078124999 0.01906318125 0.482933915625 0 0.40305010937499997 0.0245098046875 0.355846040625 0.1361655765625
3 0.010893246875 0.9694989093749999 0.053063921874999996 0.911372859375 0.1053013796875 0.7489106750000001 0.152505446875 0.6563180828124999 0.153885371875 0.567120665625 0.1485789796875 0.4895146796875 0.1089324625 0.4602396515625 0.0762527234375 0.634531590625 0.036310821874999996 0.73257080625 0 0.83877995625 0.010893246875 0.9694989093749999
3 0.8714596953125 0.76525054375 0.90050835 0.653594771875 0.86419753125 0.5936819171875001 0.8061002171875 0.69716775625 0.7734204796874999 0.8061002171875 0.820624546875 0.8251633984375 0.8714596953125 0.76525054375
1 0.596949890625 0.6764705875 0.6100217859375 0.6813725484375001 0.6209150328125 0.6764705875 0.6230936812500001 0.6568627453125 0.642701525 0.6388888890625 0.66230936875 0.58823529375 0.66013071875 0.43464052343750004 0.7363834421875 0.294117646875 0.7472766890625 0.241830065625 0.7625272328125 0.2189542484375 0.7821350765624999 0.15359477187499998 0.7821350765624999 0.1307189546875 0.723311546875 0.063725490625 0.7080610015625 0.0686274515625 0.703703703125 0.13888888906250002 0.6797385625000001 0.1813725484375 0.671023965625 0.2189542484375 0.6644880171875001 0.2189542484375 0.6230936812500001 0.313725490625 0.581699346875 0.3807189546875 0.5664488015625 0.439542484375 0.5686274515624999 0.5947712421875 0.5838779953125 0.651960784375 0.5925925921874999 0.6568627453125 0.596949890625 0.6764705875
3 0.27450980468749997 0.651960784375 0.30501089375 0.66013071875 0.33769063125 0.6911764703125 0.3333333328125 0.6225490203125 0.30501089375 0.527777778125 0.2832244015625 0.47385620937499995 0.2200435734375 0.3905228765625 0.20043572968749998 0.3921568625 0.18736383437499998 0.383986928125 0.2483660125 0.6290849671875 0.27450980468749997 0.651960784375
3 0.3899782140625 0.8676470593750001 0.3877995640625 0.8611111109375 0.40305010937499997 0.8496732031249999 0.385620915625 0.8431372546875 0.3616557734375 0.8202614374999999 0.33769063125 0.7385620921875 0.2636165578125 0.69771241875 0.2701525046875 0.7630718953125 0.30501089375 0.8333333328125001 0.3594771234375 0.8660130718750001 0.3899782140625 0.8676470593750001
3 0.55337690625 0.848039215625 0.544662309375 0.8235294124999999 0.48148148125 0.8872549015625 0.42265795156249997 0.9689542484375 0.41176470624999995 0.9983660125 0.44008714531250004 0.98366013125 0.5511982578125 0.8774509796875 0.55337690625 0.848039215625
3 0.5708061 0.9869281046875 0.5751633984375 0.9983660125 0.6034858390625 0.9983660125 0.6056644875 0.8660130718750001 0.5947712421875 0.7712418296875 0.562091503125 0.795751634375 0.542483659375 0.8251633984375 0.5511982578125 0.830065359375 0.5599128546875 0.87418300625 0.5708061 0.9869281046875
3 0.6666666671875 0.8921568625 0.69716775625 0.8333333328125001 0.69716775625 0.813725490625 0.6732026140625 0.7614379078125 0.6492374734374999 0.7973856203125 0.6209150328125 0.8839869281249999 0.6274509796875 0.9983660125 0.671023965625 0.9983660125 0.6753812640625 0.9591503265625001 0.6666666671875 0.8921568625
3 0.7647058828125 0.954248365625 0.7472766890625 0.937908496875 0.7363834421875 0.937908496875 0.6884531593750001 0.98039215625 0.6819172109375 0.9983660125 0.73420479375 0.9983660125 0.76688453125 0.9689542484375 0.7647058828125 0.954248365625
3 0.9063180828125 0.8153594765625 0.8213507625 0.8839869281249999 0.8453159046875 0.919934640625 0.8627450984375 0.919934640625 0.9041394328125 0.9003267968750001 0.9629629625 0.848039215625 0.9934640515625001 0.8071895421875 0.9912854031249999 0.7352941171875 0.9651416125000001 0.6650326796875 0.919389978125 0.62581699375 0.9063180828125 0.62581699375 0.901960784375 0.66176470625 0.919389978125 0.722222221875 0.9237472765625 0.7810457515625 0.9063180828125 0.8153594765625
3 0.9302832249999999 0.9852941171875 0.99782135 0.9950980390625 0.99782135 0.9477124187499999 0.956427015625 0.9428104578125 0.9411764703125 0.9346405234375 0.919389978125 0.9079520703125 0.9150326796874999 0.8905228765625001 0.8976034859375 0.90849673125 0.8671023968749999 0.9232026140625 0.8823529406249999 0.955882353125 0.9302832249999999 0.9852941171875
3 0.99782135 0.2549019609375 0.99782135 0.20588235312499997 0.9411764703125 0.1666666671875 0.9346405234375 0.10294117656249999 0.9150326796874999 0.0751633984375 0.8779956421874999 0.0686274515625 0.8213507625 0.0228758171875 0.742919390625 0.0506535953125 0.740740740625 0.0686274515625 0.8278867109375 0.1650326796875 0.9302832249999999 0.23039215624999998 0.99782135 0.2549019609375
3 0.8496732031249999 0.38725490156250003 0.8148148140625 0.294117646875 0.8169934640625 0.26633986875 0.8017429187499999 0.25326797343749996 0.8061002171875 0.2205882359375 0.830065359375 0.2140522875 0.847494553125 0.1911764703125 0.832244009375 0.171568628125 0.8169934640625 0.168300653125 0.777777778125 0.1911764703125 0.7494553374999999 0.2549019609375 0.7494553374999999 0.2973856203125 0.7734204796874999 0.33823529375 0.8213507625 0.3790849671875 0.8496732031249999 0.38725490156250003
3 0.8910675375 0.4052287578125 0.9498910671875 0.43137254843750006 0.9455337687500001 0.2450980390625 0.8997821343749999 0.2173202609375 0.8779956421874999 0.223856209375 0.8823529406249999 0.2565359484375 0.87363834375 0.31535947656249996 0.8801742921875 0.3905228765625 0.8910675375 0.4052287578125
3 0.9455337687500001 0.59150326875 0.9673202609375 0.5931372546875 0.99782135 0.6127450984375 0.99782135 0.578431371875 0.832244009375 0.4852941171875 0.7254901953124999 0.436274509375 0.6840958609375 0.41013071874999996 0.671023965625 0.4150326796875 0.66230936875 0.436274509375 0.6644880171875001 0.46405228750000005 0.830065359375 0.542483659375 0.8888888890625 0.560457515625 0.9455337687500001 0.59150326875
3 0.5511982578125 0.41176470624999995 0.5708061 0.4166666671875 0.58823529375 0.3594771234375 0.498910675 0.30392156875 0.47276688437500003 0.294117646875 0.47930283281249997 0.34640522812499996 0.49673202656250004 0.3790849671875 0.5511982578125 0.41176470624999995
3 0.6013071890624999 0.33823529375 0.6252723312499999 0.30555555624999997 0.6252723312499999 0.3006535953125 0.5838779953125 0.2859477125 0.4771241828125 0.26797385625 0.45751634062499996 0.26797385625 0.47276688437500003 0.295751634375 0.5664488015625 0.33823529375 0.6013071890624999 0.33823529375
3 0.7886710234375001 0.5392156859375 0.786492375 0.5310457515625 0.7538126359375 0.51797385625 0.7363834421875 0.5408496734375 0.7102396515625 0.6388888890625 0.7124183000000001 0.6797385625000001 0.7472766890625 0.7450980390625 0.760348584375 0.7107843140625 0.7886710234375001 0.5392156859375
3 0.527233115625 0.8039215687500001 0.527233115625 0.76960784375 0.5119825703124999 0.76797385625 0.46623093750000005 0.8235294124999999 0.4596949890625 0.84150326875 0.42265795156249997 0.8774509796875 0.37690631875 0.972222221875 0.37472766874999996 0.9983660125 0.4074074078125 0.9983660125 0.42701525 0.9869281046875 0.527233115625 0.8039215687500001