1 0.3812636171875 0.014705882812500001 0.37254902031250003 0.008169934375 0.34422657968750003 0.01633986875 0.3529411765625 0.0506535953125 0.40958605625000005 0.12418300625 0.4161220046875 0.08823529375 0.3812636171875 0.014705882812500001
1 0.7015250546875 0.12745097968750002 0.7167755984374999 0.16013071875 0.7167755984374999 0.1830065359375 0.742919390625 0.215686275 0.7516339875 0.223856209375 0.7712418296875 0.223856209375 0.7494553374999999 0.1748366015625 0.740740740625 0.11601307187500001 0.7080610015625 0.062091503125 0.6732026140625 0.0310457515625 0.653594771875 0.0294117640625 0.6405228765625 0.0408496734375 0.6361655765625 0.06535947656249999 0.642701525 0.081699346875 0.6819172109375 0.1045751640625 0.7015250546875 0.12745097968750002
1 0.581699346875 0 0.5555555562500001 0.071895425 0.55337690625 0.09477124218750001 0.5686274515624999 0.1094771234375 0.59041394375 0.063725490625 0.6230936812500001 0.0294117640625 0.633986928125 0 0.581699346875 0
1 0.8082788671875001 0.5326797390625 0.8692810453125001 0.5375816999999999 0.921568628125 0.5326797390625 0.742919390625 0.47385620937499995 0.6187363828125 0.3986928109375 0.5642701531250001 0.43137254843750006 0.5773420484375 0.436274509375 0.6078431375 0.4771241828125 0.6840958609375 0.508169934375 0.8082788671875001 0.5326797390625
1 0.5664488015625 0.668300653125 0.5403050109375 0.5669934640625 0.527233115625 0.4705882359375 0.51851851875 0.4591503265625 0.49673202656250004 0.4526143796875 0.4684095859375 0.4509803921875 0.45533769062499996 0.46405228750000005 0.4618736390625 0.5212418296875 0.5359477125 0.7516339875 0.5599128546875 0.73039215625 0.5664488015625 0.668300653125
1 0.562091503125 0.6323529406249999 0.58823529375 0.616013071875 0.6078431375 0.58823529375 0.6165577343749999 0.5686274515624999 0.6165577343749999 0.526143790625 0.6034858390625 0.47385620937499995 0.5773420484375 0.439542484375 0.5642701531250001 0.43300653593750005 0.5381263609375 0.437908496875 0.527233115625 0.42973856250000003 0.51633986875 0.43300653593750005 0.5381263609375 0.48366013125 0.5555555562500001 0.581699346875 0.5555555562500001 0.6307189546874999 0.562091503125 0.6323529406249999
1 0.331154684375 0.8921568625 0.43137254843750006 0.740196078125 0.4509803921875 0.687908496875 0.4618736390625 0.6830065359375 0.46623093750000005 0.563725490625 0.44299201093749996 0.5364923734375 0.4320987640625 0.544662309375 0.22875817031249998 0.9624183000000001 0.23529411718749998 0.98366013125 0.331154684375 0.8921568625
1 0.313725490625 0.7875816999999999 0.3267973859375 0.7630718953125 0.3071895421875 0.7254901953124999 0.3071895421875 0.66176470625 0.294117646875 0.651960784375 0.26579520625 0.6454248359375 0.241830065625 0.6568627453125 0.23965141562499997 0.687908496875 0.25054466249999996 0.722222221875 0.27450980468749997 0.7565359484374999 0.313725490625 0.7875816999999999
1 0.3594771234375 0.6454248359375 0.37472766874999996 0.6405228765625 0.385620915625 0.6307189546874999 0.3812636171875 0.562091503125 0.31154684062500004 0.44444444375 0.27886710312499996 0.43137254843750006 0.2461873640625 0.439542484375 0.23093681875 0.455882353125 0.23529411718749998 0.48856209218749996 0.294117646875 0.5751633984375 0.348583878125 0.6388888890625 0.3594771234375 0.6454248359375
1 0.6928104578125 0.8088235296875 0.671023965625 0.7434640515625001 0.6492374734374999 0.7189542484375 0.596949890625 0.6797385625000001 0.5708061 0.668300653125 0.5708061 0.715686275 0.644880175 0.776143790625 0.6797385625000001 0.8545751640624999 0.6928104578125 0.8088235296875
1 0.633986928125 0 0.633986928125 0.009803921875 0.651416121875 0.0228758171875 0.7494553374999999 0.060457515625 0.8583878 0.0588235296875 0.847494553125 0.0473856203125 0.8540305015625 0.009803921875 0.795206971875 0.01960784375 0.7516339875 0 0.633986928125 0