3 0.367647059375 0.37745097968749997 0.383986928125 0.43382352968750004 0.382352940625 0.48039215625000004 0.38725490156250003 0.4828431375 0.40032679687500006 0.453431371875 0.40196078437500005 0.4166666671875 0.3807189546875 0.296568628125 0.37581699375 0.1495098046875 0.382352940625 0.12254902031249999 0.3905228765625 0.11519607812499999 0.3970588234375 0.07107843124999999 0.37581699375 0.061274509374999994 0.3513071890625 0.186274509375 0.349673203125 0.26960784375 0.367647059375 0.37745097968749997
3 0.3267973859375 0.453431371875 0.330065359375 0.5049019609375 0.34150326875000003 0.46323529375000005 0.34150326875000003 0.4240196078125 0.3235294125 0.3235294125 0.3267973859375 0.134803921875 0.3186274515625 0.1078431375 0.30555555624999997 0.1078431375 0.295751634375 0.14215686249999998 0.30392156875 0.365196078125 0.3267973859375 0.453431371875
3 0.1568627453125 0.4068627453125 0.2124183 0.5073529406249999 0.20751634062500002 0.455882353125 0.14215686249999998 0.215686275 0.135620915625 0.13970588281250002 0.12418300625 0.12009803906250001 0.1094771234375 0.117647059375 0.09477124218750001 0.1470588234375 0.10294117656249999 0.23774509843749997 0.1568627453125 0.4068627453125
3 0.1013071890625 0.625 0.081699346875 0.7377450984375 0.08496732031250001 0.7622549015625 0.1094771234375 0.6985294125 0.12581699375 0.6200980390625 0.1307189546875 0.561274509375 0.12745097968750002 0.44117647031249996 0.1078431375 0.436274509375 0.0931372546875 0.5024509796875 0.099673203125 0.5245098046875001 0.1013071890625 0.625
3 0.2107843140625 0.634803921875 0.16993464062500002 0.7377450984375 0.19771241875 0.7181372546875 0.2173202609375 0.688725490625 0.259803921875 0.58823529375 0.2794117640625 0.49264705937500003 0.2794117640625 0.44362745156249994 0.26960784375 0.438725490625 0.25 0.4852941171875 0.23529411718749998 0.561274509375 0.2107843140625 0.634803921875
3 0.26797385625 0.6274509796875 0.276143790625 0.78676470625 0.2859477125 0.8088235296875 0.294117646875 0.811274509375 0.2990196078125 0.7990196078125 0.295751634375 0.705882353125 0.30555555624999997 0.6936274515624999 0.30882352968750004 0.6568627453125 0.2990196078125 0.6544117640625 0.295751634375 0.6936274515624999 0.2892156859375 0.6936274515624999 0.2826797390625 0.6470588234375 0.3006535953125 0.6029411765625 0.30228758125 0.544117646875 0.295751634375 0.5245098046875001 0.28431372499999996 0.5245098046875001 0.27777777812500004 0.5318627453125 0.2614379078125 0.6078431375 0.26797385625 0.6274509796875
3 0.33986928125000004 0.6642156859375 0.366013071875 0.6838235296875 0.40359477187500004 0.67892156875 0.44281045781249995 0.64460784375 0.439542484375 0.6176470593750001 0.4264705875 0.634803921875 0.3921568625 0.6495098046875001 0.3594771234375 0.6470588234375 0.33169934687499997 0.590686275 0.321895425 0.49509803906250005 0.31535947656249996 0.490196078125 0.30555555624999997 0.5563725484375001 0.310457515625 0.60539215625 0.33986928125000004 0.6642156859375
3 0.052287581250000006 1 0.08986928125 0.9950980390625 0.08986928125 0.8333333328125001 0.0735294125 0.8088235296875 0.0571895421875 0.830882353125 0.0490196078125 0.8700980390625 0.052287581250000006 1
3 0.18464052343749998 0.936274509375 0.1993464046875 0.9460784312499999 0.20751634062500002 0.936274509375 0.20751634062500002 0.91176470625 0.20098039218750002 0.875 0.19771241875 0.7450980390625 0.19444444375 0.7205882359375 0.17810457500000001 0.71323529375 0.16993464062500002 0.740196078125 0.1650326796875 0.840686275 0.18464052343749998 0.936274509375
3 0.563725490625 0.46323529375000005 0.598039215625 0.28431372499999996 0.6013071890624999 0.2181372546875 0.58823529375 0.21323529375 0.580065359375 0.2254901953125 0.544117646875 0.49754902031250003 0.563725490625 0.46323529375000005
3 0.4705882359375 0.71323529375 0.4705882359375 0.7524509796875 0.4771241828125 0.7745098046875001 0.48202614375 0.7720588234375 0.508169934375 0.6299019609375 0.51960784375 0.438725490625 0.5 0.43382352968750004 0.4869281046875 0.4681372546875 0.48202614375 0.6127450984375 0.4705882359375 0.71323529375
3 0.5571895421875 0.6666666671875 0.5669934640625 0.69607843125 0.5849673203125 0.669117646875 0.5849673203125 0.6985294125 0.5996732031249999 0.686274509375 0.60620915 0.6397058828125 0.6290849671875 0.58823529375 0.635620915625 0.5563725484375001 0.635620915625 0.53676470625 0.6176470593750001 0.534313725 0.6013071890624999 0.5514705875 0.58986928125 0.6127450984375 0.5571895421875 0.6666666671875
3 0.812091503125 0.30882352968750004 0.8202614374999999 0.26225490156250003 0.8022875812500001 0.2475490203125 0.792483659375 0.294117646875 0.7973856203125 0.3799019609375 0.813725490625 0.41176470624999995 0.8186274515624999 0.3921568625 0.812091503125 0.30882352968750004
3 0.8366013078125001 0.419117646875 0.83986928125 0.3357843140625 0.8496732031249999 0.2794117640625 0.84150326875 0.223039215625 0.8202614374999999 0.28431372499999996 0.813725490625 0.3431372546875 0.810457515625 0.453431371875 0.8186274515624999 0.455882353125 0.8333333328125001 0.438725490625 0.8366013078125001 0.419117646875
3 0.87581699375 0.313725490625 0.9150326796874999 0.313725490625 0.9330065359375 0.294117646875 0.9346405234375 0.2794117640625 0.8970588234375001 0.294117646875 0.8692810453125001 0.23774509843749997 0.87418300625 0.16176470625 0.8856209156249999 0.117647059375 0.87581699375 0.1078431375 0.8611111109375 0.1299019609375 0.8594771234374999 0.1127450984375 0.8513071890624999 0.10539215625000001 0.846405228125 0.24019607812500002 0.8513071890624999 0.2671568625 0.87581699375 0.313725490625
3 0.5506535953125 0.723039215625 0.578431371875 0.740196078125 0.6045751640625 0.740196078125 0.6078431375 0.723039215625 0.578431371875 0.7107843140625 0.562091503125 0.6740196078125 0.5588235296875 0.6421568625 0.5653594765625 0.5955882359375 0.5555555562500001 0.5833333328125 0.5375816999999999 0.6029411765625 0.5310457515625 0.67892156875 0.5506535953125 0.723039215625
3 0.16993464062500002 0.544117646875 0.16993464062500002 0.44362745156249994 0.12581699375 0.313725490625 0.12581699375 0.40196078437500005 0.1486928109375 0.5 0.1568627453125 0.5735294125 0.16993464062500002 0.544117646875
3 0.9313725484375001 0.4852941171875 0.937908496875 0.49754902031250003 0.955882353125 0.490196078125 0.972222221875 0.453431371875 0.9787581703124999 0.3921568625 0.9983660125 0.3063725484375 0.9983660125 0.203431371875 0.9852941171875 0.223039215625 0.954248365625 0.39460784375 0.9526143796875 0.46568627500000004 0.9444444437499999 0.4828431375 0.9313725484375001 0.4852941171875
3 0.66176470625 0.3970588234375 0.6486928109375001 0.34068627500000004 0.6405228765625 0.348039215625 0.6388888890625 0.4240196078125 0.653594771875 0.5 0.66176470625 0.4681372546875 0.66176470625 0.3970588234375
3 0.7173202609375 0.47303921562499995 0.6748366015625 0.3602941171875 0.669934640625 0.3235294125 0.6732026140625 0.2818627453125 0.6633986921874999 0.2720588234375 0.6552287578125 0.2892156859375 0.651960784375 0.348039215625 0.6650326796875 0.39950980468749997 0.689542484375 0.44607843125 0.7173202609375 0.47303921562499995
3 0.4852941171875 0.49754902031250003 0.4771241828125 0.44362745156249994 0.454248365625 0.37254902031250003 0.43464052343750004 0.3700980390625 0.43300653593750005 0.39460784375 0.4673202609375 0.5245098046875001 0.48039215625000004 0.544117646875 0.4852941171875 0.49754902031250003
3 0.777777778125 0 0.7712418296875 0.01960784375 0.776143790625 0.080882353125 0.76797385625 0.1568627453125 0.7745098046875001 0.17892156875 0.7892156859375 0.19607843125 0.8186274515624999 0.1985294125 0.8366013078125001 0.1642156859375 0.8218954249999999 0.17892156875 0.8039215687500001 0.1764705875 0.7973856203125 0.1372549015625 0.7908496734375 0.1372549015625 0.7875816999999999 0.12009803906250001 0.795751634375 0 0.777777778125 0