3 0.46241830000000006 0.46323529375000005 0.48366013125 0.69607843125 0.5065359484374999 0.7622549015625 0.534313725 0.75 0.526143790625 0.6544117640625 0.5245098046875001 0.4264705875 0.5147058828125 0.3578431375 0.4983660125 0.3602941171875 0.4607843140625 0.30882352968750004 0.428104575 0.3186274515625 0.436274509375 0.36274509843749997 0.4509803921875 0.34068627500000004 0.4705882359375 0.36274509843749997 0.45751634062499996 0.3921568625 0.46241830000000006 0.46323529375000005
3 0.8349673203125001 0.48774509843749997 0.8643790843750001 0.5 0.87581699375 0.4509803921875 0.8513071890624999 0.367647059375 0.846405228125 0.328431371875 0.8725490203125 0.276960784375 0.8986928109375001 0.15931372500000002 0.9133986921874999 0.0931372546875 0.8888888890625 0.061274509374999994 0.83823529375 0.080882353125 0.828431371875 0.19607843125 0.8022875812500001 0.294117646875 0.8006535953125 0.40931372499999996 0.8349673203125001 0.48774509843749997
3 0.9068627453125 0.46568627500000004 0.9248366015625 0.526960784375 0.9477124187499999 0.5318627453125 0.9264705875000001 0.39950980468749997 0.9313725484375001 0.37254902031250003 0.919934640625 0.294117646875 0.9166666671874999 0.24019607812500002 0.8986928109375001 0.20833333281250002 0.87418300625 0.2647058828125 0.87581699375 0.35539215625 0.9068627453125 0.46568627500000004
3 0.616013071875 0.7181372546875 0.616013071875 0.8088235296875 0.6323529406249999 0.8700980390625 0.65849673125 0.8161764703125 0.6732026140625 0.6838235296875 0.69771241875 0.6004901953124999 0.69771241875 0.5294117640625 0.6944444437499999 0.490196078125 0.705882353125 0.46323529375000005 0.7026143796875 0.43382352968750004 0.678104575 0.44607843125 0.669934640625 0.5171568625 0.64379085 0.534313725 0.62581699375 0.590686275 0.616013071875 0.7181372546875
3 0.23529411718749998 0.48774509843749997 0.259803921875 0.5392156859375 0.3202614375 0.5686274515624999 0.349673203125 0.534313725 0.31535947656249996 0.5171568625 0.2794117640625 0.46568627500000004 0.2647058828125 0.421568628125 0.258169934375 0.3700980390625 0.241830065625 0.33823529375 0.2254901953125 0.40931372499999996 0.23529411718749998 0.48774509843749997
3 0.5931372546875 0.6813725484375001 0.6176470593750001 0.651960784375 0.6225490203125 0.5833333328125 0.62581699375 0.5024509796875 0.6274509796875 0.4485294125 0.6094771234375 0.384803921875 0.596405228125 0.4166666671875 0.580065359375 0.453431371875 0.5669934640625 0.5 0.581699346875 0.6200980390625 0.5931372546875 0.6813725484375001
3 0.38725490156250003 0.4166666671875 0.3692810453125 0.37745097968749997 0.3235294125 0.41176470624999995 0.37418300625 0.5294117640625 0.3986928109375 0.534313725 0.4068627453125 0.48039215625000004 0.38725490156250003 0.4166666671875
3 0.3513071890625 0.8725490203125 0.3888888890625 0.7745098046875001 0.39379084999999997 0.6813725484375001 0.37254902031250003 0.60539215625 0.3611111109375 0.6372549015625 0.3366013078125 0.6985294125 0.33169934687499997 0.784313725 0.33823529375 0.8529411765624999 0.3513071890625 0.8725490203125
3 0.8578431375 0.5024509796875 0.8202614374999999 0.4705882359375 0.8153594765625 0.5857843140625 0.84150326875 0.6568627453125 0.8529411765624999 0.6029411765625 0.8578431375 0.5024509796875
3 0.20098039218750002 0.5490196078125 0.222222221875 0.453431371875 0.2271241828125 0.2990196078125 0.223856209375 0.23039215624999998 0.215686275 0.1936274515625 0.1928104578125 0.1568627453125 0.1764705875 0.203431371875 0.18464052343749998 0.4583333328125 0.1748366015625 0.57107843125 0.186274509375 0.5759803921875 0.20098039218750002 0.5490196078125
3 0.349673203125 0.3578431375 0.3807189546875 0.2916666671875 0.4052287578125 0.20833333281250002 0.40359477187500004 0.134803921875 0.3921568625 0.125 0.3888888890625 0.1102941171875 0.3790849671875 0.1102941171875 0.366013071875 0.14215686249999998 0.35620915000000003 0.23039215624999998 0.3235294125 0.3235294125 0.2826797390625 0.3970588234375 0.2810457515625 0.421568628125 0.2908496734375 0.421568628125 0.32516339843750003 0.3897058828125 0.349673203125 0.3578431375