3 0.40234375 0.20654296875 0.40625 0.27978515625 0.4238281234375 0.35009765625 0.4355468765625 0.35595703125 0.4453125 0.35009765625 0.4453125 0.32373046875 0.4091796875 0.193359375 0.40234375 0.20654296875
1 0.40234375 0.20654296875 0.40625 0.27978515625 0.4238281234375 0.35009765625 0.4355468765625 0.35595703125 0.4453125 0.35009765625 0.4453125 0.32373046875 0.4091796875 0.193359375 0.40234375 0.20654296875
1 0.1386718765625 0.53173828125 0.1386718765625 0.55810546875 0.16015625 0.58447265625 0.1621093765625 0.48193359375 0.1708984375 0.4189453140625 0.1484375 0.45556640625 0.1386718765625 0.53173828125
3 0.10546875 0.47021484375 0.10546875 0.50244140625 0.12304687656249999 0.59326171875 0.1494140625 0.6416015640625 0.17578125 0.65478515625 0.16796875 0.60791015625 0.12890625 0.53173828125 0.1123046875 0.45703125 0.10546875 0.47021484375
1 0.3300781234375 0.69873046875 0.3193359375 0.69140625 0.3183593765625 0.70751953125 0.37109375 0.89501953125 0.390625 0.90380859375 0.3984375 0.88330078125 0.3964843765625 0.86279296875 0.37890625 0.80126953125 0.3300781234375 0.69873046875
1 0.4160156234375 0.74267578125 0.4287109375 0.7763671859375 0.44140625 0.77783203125 0.4472656234375 0.77197265625 0.4472656234375 0.73974609375 0.4111328125 0.6416015640625 0.4160156234375 0.74267578125
1 0.5751953125 0.6357421859375 0.5517578125 0.65625 0.50390625 0.73974609375 0.4921875 0.78076171875 0.4921875 0.80712890625 0.4970703125 0.8203125 0.5097656234375 0.81884765625 0.5175781234375 0.77783203125 0.5019531234375 0.76611328125 0.5292968765625 0.74560546875 0.5751953125 0.6357421859375
1 0.7050781234375 0.81591796875 0.703125 0.83349609375 0.7167968765625 0.84521484375 0.74609375 0.80126953125 0.765625 0.74560546875 0.7666015625 0.6884765640625 0.7050781234375 0.81591796875
1 0.8818359375 0.3955078140625 0.85546875 0.50537109375 0.828125 0.57568359375 0.8310546875 0.5947265640625 0.84765625 0.59619140625 0.8613281234375 0.57275390625 0.8808593765625 0.50244140625 0.88671875 0.44970703125 0.8818359375 0.3955078140625
3 0.8964843765625 0.47021484375 0.9140625 0.50830078125 0.94921875 0.37060546875 0.9462890625 0.3544921859375 0.921875 0.39697265625 0.8964843765625 0.47021484375
3 0.8779296875 0.263671875 0.8496093765625 0.30615234375 0.8457031234375 0.32958984375 0.8330078125 0.3369140640625 0.7988281234375 0.38818359375 0.7871093765625 0.42626953125 0.7871093765625 0.45849609375 0.7753906234375 0.50830078125 0.7792968765625 0.52294921875 0.796875 0.45556640625 0.8378906234375 0.38818359375 0.8808593765625 0.27392578125 0.8779296875 0.263671875
1 0.6748046875 0.123046875 0.66796875 0.13623046875 0.65625 0.22119140625 0.65625 0.22998046875 0.63684405 0.30780795781250003 0.6474581171875 0.334343128125 0.6675069125 0.323729059375 0.6816406234375 0.21826171875 0.6796875 0.13330078125 0.6748046875 0.123046875
1 0.5644531234375 0.13623046875 0.5800781234375 0.19775390625 0.58203125 0.27392578125 0.5888671875 0.2841796859375 0.5996093765625 0.28271484375 0.609375 0.24755859375 0.6035156234375 0.19775390625 0.5673828125 0.11425781406249999 0.5644531234375 0.13623046875
3 0.4951171875 0 0.4921875 0.03955078125 0.5019531234375 0.13037109375 0.515625 0.18310546875 0.53125 0.18896484375 0.5371093765625 0.18310546875 0.53515625 0.14794921875 0.50390625 0.00732421875 0.4951171875 0
3 0.2871093765625 0.07470703125 0.3125 0.16845703125 0.3466796875 0.216796875 0.35546875 0.21826171875 0.36328125 0.20654296875 0.3613281234375 0.18896484375 0.2841796875 0.041015625 0.2871093765625 0.07470703125
3 0.3291015625 0.2841796859375 0.3222656234375 0.28564453125 0.33203125 0.32080078125 0.3564453125 0.357421875 0.3779296875 0.3779296859375 0.4160156234375 0.38818359375 0.4199218765625 0.37060546875 0.4130859375 0.3603515640625 0.3564453125 0.3193359359375 0.3291015625 0.2841796859375
1 0.2529296875 0.703125 0.24609375 0.75439453125 0.2753906234375 0.80712890625 0.2832031234375 0.84814453125 0.3046875 0.86865234375 0.2880859375 0.8701171859375 0.2871093765625 0.88037109375 0.3056640625 0.9111328140625 0.31640625 0.91552734375 0.33203125 0.88916015625 0.26953125 0.77783203125 0.2578125 0.74560546875 0.2529296875 0.703125
1 0.1162109375 0.568359375 0.09570312343750001 0.57861328125 0.12109375 0.58740234375 0.1162109375 0.568359375
1 0.2392578125 0.6298828140625 0.2060546875 0.591796875 0.1767578125 0.57421875 0.16015625 0.57568359375 0.1582031234375 0.59033203125 0.1708984375 0.6123046859375 0.2236328125 0.65625 0.2324218765625 0.65478515625 0.2529296875 0.6416015640625 0.2675781234375 0.61083984375 0.2626953125 0.6064453140625 0.2392578125 0.6298828140625
1 0.21875 0.72216796875 0.2314453125 0.7529296859375 0.2441406234375 0.75146484375 0.24609375 0.66650390625 0.2392578125 0.6650390640625 0.2246093765625 0.67529296875 0.21875 0.72216796875
3 0.3916015625 0.556640625 0.33203125 0.61669921875 0.3300781234375 0.64306640625 0.34375 0.64892578125 0.3818359375 0.6123046859375 0.4140625 0.56396484375 0.4306640625 0.4921875 0.3916015625 0.556640625
1 0.87109375 0.91845703125 0.88671875 0.98291015625 0.90234375 0.98583984375 0.91015625 0.95068359375 0.8876953125 0.8671875 0.875 0.88330078125 0.87109375 0.91845703125
1 0.8203125 1 0.82421875 0.94775390625 0.8076171875 0.9404296859375 0.79296875 1 0.8203125 1
0 0.8574218765625 0.71630859375 0.84765625 0.68701171875 0.8193359375 0.6591796859375 0.8359375 0.71337890625 0.8378906234375 0.80712890625 0.8515625 0.82470703125 0.8574218765625 0.81005859375 0.84765625 0.80126953125 0.8671875 0.78955078125 0.8574218765625 0.71630859375
3 0.6826171875 0 0.6308593765625 0.00146484375 0.6376953125 0.01171875 0.6806640625 0.0263671859375 0.6933593765625 0.05126953125 0.7011718765625 0.10400390625 0.7089843765625 0.10693359375 0.72265625 0.10107421875 0.72265625 0.07470703125 0.7080078125 0.0234375 0.6826171875 0
3 0.2216796875 0.3720703140625 0.2128906234375 0.40869140625 0.22265625 0.44384765625 0.2373046875 0.48046875 0.2578125 0.48486328125 0.2646484375 0.4833984359375 0.265625 0.47314453125 0.2285156234375 0.37646484375 0.2216796875 0.3720703140625
3 0.1767578125 0.57421875 0.1855468765625 0.57275390625 0.18359375 0.53173828125 0.1650390625 0.4921875 0.1621093765625 0.54931640625 0.1767578125 0.57421875
3 0.140625 0.49951171875 0.1464843765625 0.46435546875 0.0947265625 0.3955078140625 0.10546875 0.44091796875 0.140625 0.49951171875
1 0.9082031234375 0.90966796875 0.9277343765625 0.91845703125 0.9453125 0.86865234375 0.9326171875 0.849609375 0.9208984375 0.8466796859375 0.9082031234375 0.90966796875
1 0.8652343765625 0.78662109375 0.875 0.78955078125 0.8779296875 0.7060546859375 0.87109375 0.71044921875 0.86328125 0.75146484375 0.8652343765625 0.78662109375
1 0.87109375 0.91845703125 0.88671875 0.98291015625 0.90234375 0.98583984375 0.91015625 0.95068359375 0.8876953125 0.8671875 0.8730468765625 0.88916015625 0.87109375 0.91845703125
1 0.544855465625 0.2653516890625 0.522447990625 0.27950377656250003 0.5136718765625 0.39111328125 0.51171875 0.41455078125 0.51171875 0.47314453125 0.515625 0.48779296875 0.5253906234375 0.49365234375 0.53515625 0.47900390625 0.5354207390625 0.38741346249999997 0.540138103125 0.318422025 0.544855465625 0.2653516890625
1 0.6435546875 0.4658203140625 0.59375 0.55517578125 0.609375 0.58740234375 0.5996093765625 0.64013671875 0.6113281234375 0.61669921875 0.6171875 0.55517578125 0.64453125 0.49365234375 0.6435546875 0.4658203140625