3 0.4990234375 0.2314453140625 0.4941406234375 0.32958984375 0.4667968765625 0.53173828125 0.46875 0.64306640625 0.4736328125 0.65625 0.4921875 0.65478515625 0.5058593765625 0.55224609375 0.5136718765625 0.40283203125 0.5136718765625 0.28857421875 0.4990234375 0.2314453140625
3 0.2158203125 0.7353515640625 0.2089843765625 0.78662109375 0.21484375 0.99462890625 0.2519531234375 0.99755859375 0.25 0.94482421875 0.22265625 0.82470703125 0.22265625 0.74853515625 0.2158203125 0.7353515640625
3 0.3203125 0.90380859375 0.296875 0.96826171875 0.3125 0.97412109375 0.3134765625 0.9990234359375 0.328125 0.99755859375 0.3457031234375 0.90087890625 0.3369140625 0.796875 0.32421875 0.82470703125 0.3203125 0.90380859375
3 0.2900390625 0.7353515640625 0.2890625 0.95947265625 0.296875 0.97119140625 0.3125 0.93310546875 0.31640625 0.89501953125 0.3027343765625 0.76318359375 0.2900390625 0.7353515640625
3 0.2675781234375 0.99169921875 0.2724609375 0.9990234359375 0.296875 0.99755859375 0.296875 0.98291015625 0.2529296875 0.9052734359375 0.25 0.93896484375 0.2675781234375 0.99169921875
3 0.6484375 0.73974609375 0.6328125 0.69287109375 0.6025390625 0.6474609359375 0.5322265625 0.591796875 0.53515625 0.60791015625 0.5996093765625 0.69580078125 0.6152343765625 0.73095703125 0.62109375 0.79541015625 0.5996093765625 0.91845703125 0.6015625 0.93017578125 0.6074218765625 0.93017578125 0.6308593765625 0.90380859375 0.6386718765625 0.87744140625 0.6503906234375 0.80419921875 0.6484375 0.73974609375
3 0.796875 0.52587890625 0.7841796875 0.509765625 0.7734375 0.51708984375 0.7792968765625 0.53759765625 0.75 0.66650390625 0.75 0.98291015625 0.7558593765625 0.98291015625 0.7753906234375 0.83349609375 0.7832031234375 0.64892578125 0.7988281234375 0.55517578125 0.796875 0.52587890625
3 0.9560546875 0.703125 0.9326171875 0.7294921859375 0.8847656234375 0.80419921875 0.8574218765625 0.87744140625 0.8603515625 0.8935546859375 0.8730468765625 0.89794921875 0.8515625 0.93017578125 0.8583984375 0.9404296859375 0.8691406234375 0.93896484375 0.9199218765625 0.79833984375 0.99609375 0.69873046875 0.9951171875 0.6796875 0.9560546875 0.703125
3 1 0.84814453125 0.9482421875 0.78515625 0.9453125 0.79541015625 0.953125 0.81298828125 1 0.89501953125 1 0.84814453125
3 0.6630859375 0.732421875 0.6621093765625 0.74560546875 0.68359375 0.79833984375 0.6953125 0.88623046875 0.7128906234375 0.88916015625 0.6972656234375 0.90673828125 0.6933593765625 0.97998046875 0.7167968765625 0.98583984375 0.72265625 0.96533203125 0.7167968765625 0.84814453125 0.6933593765625 0.76318359375 0.6630859375 0.732421875
3 0.58984375 0.49951171875 0.61328125 0.58740234375 0.6279296875 0.62109375 0.640625 0.61962890625 0.6484375 0.61669921875 0.6425781234375 0.59033203125 0.5927734375 0.4716796859375 0.58984375 0.49951171875
3 0.6513671875 0.662109375 0.6464843765625 0.67236328125 0.7050781234375 0.77490234375 0.7246093765625 0.84228515625 0.7324218765625 0.84521484375 0.7363281234375 0.78955078125 0.72265625 0.73681640625 0.6708984375 0.6533203140625 0.6513671875 0.662109375
3 0.64453125 0.59033203125 0.64453125 0.60498046875 0.65625 0.61083984375 0.6904296875 0.603515625 0.6933593765625 0.58740234375 0.6572265625 0.57421875 0.64453125 0.59033203125
3 0.3818359375 0.3017578140625 0.3769531234375 0.34716796875 0.3925781234375 0.47314453125 0.3925781234375 0.55224609375 0.421875 0.57275390625 0.421875 0.48779296875 0.39453125 0.36767578125 0.390625 0.30908203125 0.3818359375 0.3017578140625
3 0.4472656234375 0.34130859375 0.4384765625 0.333984375 0.4296875 0.40283203125 0.4316406234375 0.51123046875 0.4394531234375 0.57861328125 0.45703125 0.61669921875 0.46484375 0.60498046875 0.46484375 0.52880859375 0.44921875 0.43505859375 0.4472656234375 0.34130859375