1 0.4771241828125 0.5970464140625 0.437908496875 0.6666666671875 0.439542484375 0.677215190625 0.45751634062499996 0.6751054859375001 0.47222222187499996 0.6582278484375 0.5 0.6181434593749999 0.5065359484374999 0.5970464140625 0.5147058828125 0.5464135015625 0.51797385625 0.44303797500000003 0.5147058828125 0.41772151874999996 0.5016339875 0.4113924046875 0.49509803906250005 0.41772151874999996 0.48856209218749996 0.5274261609375 0.4771241828125 0.5970464140625
1 0.5359477125 0.71308016875 0.5326797390625 0.569620253125 0.542483659375 0.544303796875 0.5375816999999999 0.5337552750000001 0.5408496734375 0.504219409375 0.5326797390625 0.4978902953125 0.51960784375 0.5 0.5032679734375 0.6075949359374999 0.509803921875 0.8375527421875001 0.51960784375 0.8143459921874999 0.5245098046875001 0.7552742609374999 0.5359477125 0.71308016875
3 0.5669934640625 0.71308016875 0.5751633984375 0.6666666671875 0.5686274515624999 0.6308016875 0.5767973859375 0.6181434593749999 0.5931372546875 0.62236286875 0.5735294125 0.561181434375 0.5849673203125 0.5 0.5866013078125001 0.413502109375 0.571895425 0.322784809375 0.5490196078125 0.322784809375 0.5375816999999999 0.36075949375 0.5506535953125 0.5379746828124999 0.545751634375 0.6371308015625 0.55392156875 0.6835443031249999 0.5669934640625 0.71308016875
1 0.5996732031249999 0.626582278125 0.5751633984375 0.6244725734375 0.578431371875 0.6582278484375 0.596405228125 0.700421940625 0.6127450984375 0.7278481015625 0.6388888890625 0.7510548515625 0.6650326796875 0.75316455625 0.6846405234375 0.742616034375 0.6944444437499999 0.7236286921875 0.6470588234375 0.725738396875 0.62581699375 0.708860759375 0.6111111109375 0.651898734375 0.6094771234375 0.58227848125 0.6013071890624999 0.556962025 0.581699346875 0.5738396625 0.5833333328125 0.5991561187500001 0.5996732031249999 0.626582278125
3 0.348039215625 0.6835443031249999 0.34640522812499996 0.7974683546875 0.36274509843749997 0.8185654015624999 0.367647059375 0.84388185625 0.3807189546875 0.86075949375 0.3970588234375 0.8670886078125 0.35620915000000003 0.7637130796875 0.3692810453125 0.5168776375 0.3545751640625 0.5 0.34640522812499996 0.5126582281250001 0.32516339843750003 0.6497890296875 0.348039215625 0.6835443031249999
3 0.616013071875 0.41772151874999996 0.6094771234375 0.5105485234375 0.5866013078125001 0.5421940921874999 0.5833333328125 0.569620253125 0.598039215625 0.5675105484375 0.6388888890625 0.5063291140625 0.6486928109375001 0.4113924046875 0.6470588234375 0.30168776406250003 0.6421568625 0.29957805937500004 0.635620915625 0.3544303796875 0.6274509796875 0.36497890312500003 0.616013071875 0.41772151874999996
3 0.1633986921875 0.757383965625 0.1813725484375 0.6877637125 0.1650326796875 0.7151898734375 0.1486928109375 0.7067510546875 0.1454248359375 0.69620253125 0.13888888906250002 0.700421940625 0.1078431375 0.8016877640625 0.080065359375 0.86075949375 0.078431371875 0.873417721875 0.08986928125 0.8713080171875 0.11928104531249999 0.8417721515625001 0.1633986921875 0.757383965625
3 0.08823529375 0.848101265625 0.135620915625 0.7215189875 0.1405228765625 0.6856540078125 0.1111111109375 0.594936709375 0.09477124218750001 0.6329113921875 0.0866013078125 0.6835443031249999 0.078431371875 0.691983121875 0.07679738593749999 0.717299578125 0.0310457515625 0.852320675 0.01633986875 0.9156118140625 0.008169934375 0.9599156125 0.009803921875 0.995780590625 0.0228758171875 0.9831223625 0.08823529375 0.848101265625
3 0.2647058828125 0.80379746875 0.294117646875 0.6160337546875 0.30392156875 0.47468354375 0.295751634375 0.44092827031250004 0.28431372499999996 0.438818565625 0.27450980468749997 0.447257384375 0.2712418296875 0.521097046875 0.25 0.6329113921875 0.2450980390625 0.7805907171875 0.2271241828125 0.839662446875 0.23529411718749998 0.8818565406250001 0.2647058828125 0.80379746875
3 0.4068627453125 0.4240506328125 0.43137254843750006 0.33966244687499997 0.44117647031249996 0.274261603125 0.44281045781249995 0.1940928265625 0.421568628125 0.191983121875 0.4052287578125 0.22573839687500002 0.3921568625 0.33966244687499997 0.37745097968749997 0.3987341765625 0.383986928125 0.4113924046875 0.4068627453125 0.4240506328125
1 0.17320261406249998 0.84388185625 0.17320261406249998 0.8670886078125 0.17810457500000001 0.8670886078125 0.18464052343749998 0.8459915609375 0.17320261406249998 0.84388185625
1 0.18464052343749998 0.6835443031249999 0.168300653125 0.7405063296875001 0.168300653125 0.8291139234375 0.186274509375 0.8354430374999999 0.1993464046875 0.6645569625000001 0.18464052343749998 0.6835443031249999