1 0.1911764703125 0.7009803921875 0.19607843125 0.7254901953124999 0.2107843140625 0.7377450984375 0.23529411718749998 0.73039215625 0.30228758125 0.6225490203125 0.3267973859375 0.5686274515624999 0.3447712421875 0.5024509796875 0.33823529375 0.490196078125 0.328431371875 0.490196078125 0.3006535953125 0.509803921875 0.2140522875 0.64460784375 0.1911764703125 0.7009803921875
1 0.11928104531249999 0.634803921875 0.12745097968750002 0.64460784375 0.1568627453125 0.6495098046875001 0.15849673125 0.5563725484375001 0.1470588234375 0.39950980468749997 0.135620915625 0.384803921875 0.12254902031249999 0.3970588234375 0.11601307187500001 0.4485294125 0.11928104531249999 0.634803921875
1 0.5653594765625 0.375 0.5702614374999999 0.3799019609375 0.5866013078125001 0.36274509843749997 0.6094771234375 0.367647059375 0.616013071875 0.3259803921875 0.5947712421875 0.215686275 0.5473856203125 0.11519607812499999 0.5228758171875 0.0857843140625 0.5130718953125 0.0857843140625 0.5065359484374999 0.1127450984375 0.534313725 0.1936274515625 0.5653594765625 0.375
1 0.6552287578125 0.6838235296875 0.6454248359375 0.705882353125 0.6470588234375 0.7181372546875 0.66176470625 0.7279411765625 0.704248365625 0.7083333328125 0.7565359484374999 0.6397058828125 0.812091503125 0.5857843140625 0.813725490625 0.5686274515624999 0.8088235296875 0.5661764703125 0.7565359484374999 0.590686275 0.678104575 0.6568627453125 0.6552287578125 0.6838235296875
1 0.9477124187499999 0.438725490625 0.9297385625000001 0.5049019609375 0.9460784312499999 0.5245098046875001 0.955882353125 0.5245098046875001 0.9673202609375 0.5171568625 0.9771241828124999 0.490196078125 0.98039215625 0.4142156859375 0.965686275 0.37745097968749997 0.9477124187499999 0.37254902031250003 0.937908496875 0.382352940625 0.9493464046875 0.4068627453125 0.9477124187499999 0.438725490625
1 0.8578431375 0.4240196078125 0.8709150328125 0.436274509375 0.8970588234375001 0.43137254843750006 0.901960784375 0.4166666671875 0.8872549015625 0.382352940625 0.8643790843750001 0.34068627500000004 0.8545751640624999 0.33823529375 0.84150326875 0.348039215625 0.83986928125 0.36274509843749997 0.8578431375 0.4240196078125
3 0.06535947656249999 0.9852941171875 0.10294117656249999 0.9901960781250001 0.09640522812499999 0.848039215625 0.0702614375 0.76960784375 0.0571895421875 0.7818627453125 0.05392156875 0.8700980390625 0.06535947656249999 0.9852941171875
1 0 0.4852941171875 0.026143790625000003 0.5514705875 0.0392156859375 0.5588235296875 0.055555556250000006 0.546568628125 0.0588235296875 0.53676470625 0.0490196078125 0.5049019609375 0.021241829687499998 0.455882353125 0.0049019609375 0.44117647031249996 0 0.44117647031249996 0 0.4852941171875
1 0.24019607812500002 0.9142156859374999 0.22875817031249998 0.8921568625 0.168300653125 0.8872549015625 0.13888888906250002 0.8970588234375001 0.135620915625 0.919117646875 0.1372549015625 0.965686275 0.1830065359375 0.9681372546875 0.2189542484375 0.953431371875 0.24019607812500002 0.9142156859374999
1 0.5212418296875 0.365196078125 0.5130718953125 0.3014705875 0.48366013125 0.23529411718749998 0.4673202609375 0.2254901953125 0.4689542484375 0.28431372499999996 0.5 0.36274509843749997 0.51797385625 0.384803921875 0.5212418296875 0.365196078125
3 0.5245098046875001 0.1642156859375 0.51633986875 0.23039215624999998 0.51633986875 0.311274509375 0.5392156859375 0.311274509375 0.5392156859375 0.2254901953125 0.5245098046875001 0.1642156859375
3 0.90849673125 0.41176470624999995 0.9150326796874999 0.39460784375 0.9150326796874999 0.35539215625 0.9052287578125 0.30882352968750004 0.903594771875 0.259803921875 0.8872549015625 0.215686275 0.8790849671875 0.25245097968749997 0.8807189546874999 0.28676470625 0.89379085 0.3921568625 0.90849673125 0.41176470624999995