1 0.3063725484375 0.758169934375 0.311274509375 0.7728758171875 0.30392156875 0.7728758171875 0.30392156875 0.7859477125 0.2794117640625 0.813725490625 0.28431372499999996 0.8333333328125001 0.3357843140625 0.8071895421875 0.365196078125 0.7712418296875 0.37745097968749997 0.7173202609375 0.37745097968749997 0.6568627453125 0.367647059375 0.616013071875 0.3357843140625 0.578431371875 0.294117646875 0.562091503125 0.27450980468749997 0.560457515625 0.257352940625 0.5669934640625 0.25 0.5866013078125001 0.3063725484375 0.635620915625 0.32107843125 0.6846405234375 0.3063725484375 0.758169934375
1 0.3357843140625 0.812091503125 0.384803921875 0.8676470593750001 0.421568628125 0.8954248359375001 0.436274509375 0.8986928109375001 0.44362745156249994 0.8856209156249999 0.384803921875 0.784313725 0.3700980390625 0.76633986875 0.359651203125 0.7579745765625 0.299985565625 0.7204073234374999 0.2767822625 0.7281417578125 0.27346750468750003 0.7535548999999999 0.3357843140625 0.812091503125
1 0.9975490203125 0.6503267968750001 0.9975490203125 0.6029411765625 0.875 0.562091503125 0.8235294124999999 0.55228758125 0.7818627453125 0.55228758125 0.794117646875 0.598039215625 0.919117646875 0.62418300625 0.9975490203125 0.6503267968750001
1 0 0.16176470625 0.0024509796875 0.171568628125 0.19607843125 0.1764705875 0.33823529375 0.2124183 0.36274509843749997 0.2140522875 0.3700980390625 0.20915032656250002 0.375 0.1748366015625 0.313725490625 0.1486928109375 0.14460784375 0.12581699375 0.0735294125 0.1209150328125 0.0490196078125 0.12745097968750002 0.063725490625 0.135620915625 0.0490196078125 0.1470588234375 0.009803921875 0.1552287578125 0 0.16176470625
1 0.66176470625 0.385620915625 0.64460784375 0.40032679687500006 0.6642156859375 0.40032679687500006 0.6985294125 0.3807189546875 0.7205882359375 0.349673203125 0.7107843140625 0.3071895421875 0.563725490625 0.2205882359375 0.563725490625 0.23856209218750002 0.6666666671875 0.33823529375 0.6372549015625 0.367647059375 0.66176470625 0.385620915625
1 0.7671568625 0.437908496875 0.6740196078125 0.41013071874999996 0.6372549015625 0.41013071874999996 0.6127450984375 0.4232026140625 0.6078431375 0.436274509375 0.625 0.439542484375 0.7475490203125 0.44607843125 0.7671568625 0.437908496875
1 0.8602941171875 0.4526143796875 0.8602941171875 0.43464052343750004 0.8455882359375 0.41176470624999995 0.8039215687500001 0.3888888890625 0.715686275 0.382352940625 0.671568628125 0.3986928109375 0.6740196078125 0.41013071874999996 0.8063725484375001 0.43300653593750005 0.8357843140625001 0.45751634062499996 0.8602941171875 0.4526143796875
1 0.223039215625 0.419934640625 0.23529411718749998 0.41176470624999995 0.23039215624999998 0.383986928125 0.1372549015625 0.294117646875 0.12254902031249999 0.2908496734375 0.1127450984375 0.2973856203125 0.12009803906250001 0.33986928125000004 0.169117646875 0.40196078437500005 0.19607843125 0.4232026140625 0.223039215625 0.419934640625
1 0 0.47222222187499996 0.1078431375 0.4673202609375 0.125 0.44117647031249996 0.098039215625 0.428104575 0.0245098046875 0.43137254843750006 0 0.436274509375 0 0.47222222187499996
1 0.20098039218750002 0.2973856203125 0.2450980390625 0.3202614375 0.2892156859375 0.328431371875 0.3186274515625 0.313725490625 0.30882352968750004 0.3006535953125 0.2720588234375 0.2826797390625 0.169117646875 0.25326797343749996 0.1568627453125 0.25326797343749996 0.1568627453125 0.2630718953125 0.1764705875 0.26633986875 0.20098039218750002 0.2973856203125
1 0.6176470593750001 0.3692810453125 0.64460784375 0.3529411765625 0.6397058828125 0.33169934687499997 0.6127450984375 0.3202614375 0.578431371875 0.321895425 0.55392156875 0.3447712421875 0.49264705937500003 0.37418300625 0.4852941171875 0.383986928125 0.51960784375 0.3888888890625 0.55392156875 0.37418300625 0.6176470593750001 0.3692810453125
1 0.25245097968749997 0.37581699375 0.2671568625 0.3611111109375 0.23529411718749998 0.321895425 0.1911764703125 0.2875817 0.1911764703125 0.259803921875 0.1470588234375 0.2483660125 0.1372549015625 0.25326797343749996 0.13970588281250002 0.27777777812500004 0.1838235296875 0.34640522812499996 0.2254901953125 0.37581699375 0.25245097968749997 0.37581699375
1 0.44362745156249994 0.1797385625 0.43137254843750006 0.0686274515625 0.419117646875 0.0686274515625 0.4068627453125 0.081699346875 0.38725490156250003 0.16993464062500002 0.3431372546875 0.2794117640625 0.33823529375 0.3366013078125 0.384803921875 0.3529411765625 0.4044117640625 0.3267973859375 0.44362745156249994 0.1797385625