1 0.20703125 0.32666015625 0.2207031234375 0.27978515625 0.2207031234375 0.25048828125 0.2119140625 0.2080078140625 0.1875 0.22998046875 0.18359375 0.37060546875 0.1582031234375 0.54638671875 0.1328125 0.65478515625 0.1347656234375 0.69580078125 0.14453125 0.71044921875 0.15234375 0.65478515625 0.1777343765625 0.58154296875 0.21484375 0.41162109375 0.20703125 0.32666015625
3 0.1552734375 0 0.1503906234375 0.02783203125 0.15625 0.16552734375 0.15234375 0.30029296875 0.1347656234375 0.45556640625 0.1171875 0.54345703125 0.11914062343750001 0.56689453125 0.1298828125 0.5830078140625 0.1386718765625 0.58154296875 0.1328125 0.54638671875 0.1621093765625 0.43505859375 0.1855468765625 0.27685546875 0.1875 0.23583984375 0.1767578125 0.2314453140625 0.171875 0.21533203125 0.1777343765625 0.18310546875 0.1953125 0.14501953125 0.19140625 0.04248046875 0.1806640625 0 0.1552734375 0
1 0.4970703125 0.240234375 0.48828125 0.25048828125 0.4863281234375 0.37939453125 0.4941406234375 0.38525390625 0.51953125 0.35009765625 0.5234375 0.31201171875 0.51953125 0.26220703125 0.4970703125 0.240234375
1 0.48828125 0.39990234375 0.48046875 0.57568359375 0.4824218765625 0.73388671875 0.49609375 0.78662109375 0.50390625 0.78955078125 0.4980468765625 0.67822265625 0.515625 0.52001953125 0.5185546875 0.392578125 0.48828125 0.39990234375
1 0.7841796875 0.66796875 0.7714843765625 0.77490234375 0.7753906234375 0.90087890625 0.7675781234375 0.99755859375 0.7890625 0.99755859375 0.7988281234375 0.91259765625 0.7988281234375 0.79833984375 0.80859375 0.67236328125 0.7841796875 0.66796875
1 0.3984375 0.44677734375 0.3720703125 0.3251953140625 0.375 0.40576171875 0.3671875 0.43505859375 0.375 0.52587890625 0.390625 0.59619140625 0.3886718765625 0.63427734375 0.4003906234375 0.64306640625 0.40625 0.62255859375 0.40625 0.56982421875 0.4003906234375 0.55517578125 0.3984375 0.44677734375
1 0.5605468765625 0.69580078125 0.58984375 0.81005859375 0.6240234375 0.8583984359375 0.6464843765625 0.86865234375 0.609375 0.80126953125 0.5839843765625 0.68115234375 0.5654296875 0.6884765640625 0.5605468765625 0.69580078125
1 0.9003906234375 0.52880859375 0.8828125 0.48779296875 0.8808593765625 0.45263671875 0.8388671875 0.3984375 0.8378906234375 0.44677734375 0.8515625 0.52294921875 0.875 0.56396484375 0.8886718765625 0.63427734375 0.8857421875 0.650390625 0.84765625 0.67529296875 0.8457031234375 0.69287109375 0.8574218765625 0.69287109375 0.8876953125 0.6826171859375 0.90625 0.66064453125 0.9140625 0.59033203125 0.9003906234375 0.52880859375
1 0.9130859375 0.4775390640625 0.91796875 0.59912109375 0.9609375 0.80712890625 0.9707031234375 0.81591796875 0.9707031234375 0.77490234375 0.94140625 0.59326171875 0.9394531234375 0.49658203125 0.9130859375 0.4775390640625
3 1 0.51123046875 0.9873046875 0.4892578140625 0.8857421875 0.4013671859375 0.859375 0.35888671875 0.8496093765625 0.24462890625 0.8652343765625 0.15673828125 0.8828125 0.12451171875 0.8798828125 0.11425781406249999 0.8662109375 0.1171875 0.83203125 0.16259765625 0.8183593765625 0.21533203125 0.81640625 0.27392578125 0.83203125 0.37646484375 0.8623046875 0.427734375 0.8896484375 0.45703125 0.9326171875 0.4892578140625 0.9736328125 0.5009765640625 1 0.53759765625 1 0.51123046875
3 0.3955078125 0.0703125 0.37890625 0.20068359375 0.3808593765625 0.35009765625 0.40625 0.48193359375 0.41015625 0.54345703125 0.4199218765625 0.51123046875 0.4199218765625 0.45556640625 0.41015625 0.38818359375 0.3955078125 0.0703125
1 0.7890625 0.49072265625 0.7988281234375 0.49365234375 0.82421875 0.43505859375 0.8251953125 0.3955078140625 0.796875 0.45263671875 0.7890625 0.49072265625