3 0.4150326796875 0.4828431375 0.44607843125 0.57107843125 0.48856209218749996 0.634803921875 0.509803921875 0.6470588234375 0.509803921875 0.634803921875 0.48856209218749996 0.6004901953124999 0.455882353125 0.51960784375 0.44934640468750003 0.3799019609375 0.44281045781249995 0.36274509843749997 0.43464052343750004 0.3602941171875 0.40849673124999997 0.3921568625 0.4068627453125 0.43382352968750004 0.4150326796875 0.4828431375
3 0.2271241828125 0.8235294124999999 0.2450980390625 0.8529411765624999 0.294117646875 0.8897058828125 0.2549019609375 0.7671568625 0.241830065625 0.6764705875 0.222222221875 0.6397058828125 0.2140522875 0.6372549015625 0.1993464046875 0.6544117640625 0.19607843125 0.6936274515624999 0.2271241828125 0.8235294124999999
3 0.1308593765625 0.72802734375 0.140625 0.81005859375 0.1738281234375 0.90087890625 0.1904296875 0.919921875 0.2109375 0.92724609375 0.18359375 0.86279296875 0.1621093765625 0.70751953125 0.1435546875 0.6796875 0.1308593765625 0.72802734375
3 0.5058593765625 0.42041015625 0.5009765625 0.41015625 0.4931640625 0.421875 0.4814453125 0.4130859359375 0.4707031234375 0.43798828125 0.46875 0.46728515625 0.4902343765625 0.56689453125 0.5224609375 0.6328125 0.5517578125 0.6591796859375 0.5605468765625 0.65771484375 0.5605468765625 0.64013671875 0.53125 0.60498046875 0.5253906234375 0.58447265625 0.5058593765625 0.42041015625
3 0.6152343765625 0.52001953125 0.61328125 0.57568359375 0.6464843765625 0.78662109375 0.6582031234375 0.75732421875 0.6582031234375 0.56689453125 0.6376953125 0.5068359359375 0.6152343765625 0.52001953125
3 0.7636718765625 0.62255859375 0.78125 0.54638671875 0.78125 0.45849609375 0.7490234375 0.3779296859375 0.7324218765625 0.55517578125 0.7050781234375 0.64013671875 0.6738281234375 0.68994140625 0.6767578125 0.7001953140625 0.6875 0.69873046875 0.7353515625 0.65625 0.7480468765625 0.65478515625 0.75 0.63720703125 0.7636718765625 0.62255859375
3 0.5302734375 0.6416015640625 0.5253906234375 0.68408203125 0.53125 0.70458984375 0.5517578125 0.7412109359375 0.5722656234375 0.74853515625 0.5839843765625 0.73095703125 0.5625 0.70751953125 0.5605468765625 0.66357421875 0.5302734375 0.6416015640625
3 0.5644531234375 0.64892578125 0.5722656234375 0.56103515625 0.5439453125 0.4951171859375 0.53125 0.59619140625 0.5644531234375 0.64892578125
3 0.7207031234375 0.73095703125 0.7363281234375 0.78662109375 0.75390625 0.80419921875 0.75 0.77197265625 0.7607421875 0.6181640640625 0.71484375 0.68115234375 0.7207031234375 0.73095703125
3 0.6904296875 0.509765625 0.6777343765625 0.54638671875 0.68359375 0.62255859375 0.6933593765625 0.64599609375 0.7011718765625 0.64892578125 0.72265625 0.53466796875 0.7207031234375 0.51416015625 0.7119140625 0.5009765640625 0.6904296875 0.509765625
3 0.6464843765625 0.52880859375 0.6611328125 0.5625 0.67578125 0.56689453125 0.6855468765625 0.49658203125 0.6767578125 0.4775390640625 0.6396484375 0.4453125 0.6464843765625 0.52880859375
3 0.8144531234375 0.52587890625 0.8105468765625 0.70166015625 0.8105468765625 0.73095703125 0.8222656234375 0.73681640625 0.8574218765625 0.60498046875 0.8574218765625 0.56689453125 0.8232421875 0.4892578140625 0.8144531234375 0.52587890625