1 0.6064453125 0.0234375 0.5957031234375 0.04541015625 0.6074218765625 0.15087890625 0.5761718765625 0.35595703125 0.5761718765625 0.43798828125 0.5878906234375 0.52880859375 0.59765625 0.56103515625 0.60546875 0.56396484375 0.59375 0.39404296875 0.6347656234375 0.20947265625 0.6279296875 0.020507814062499997 0.6064453125 0.0234375
1 0.10742187656249999 0.59033203125 0.12109375 0.49365234375 0.13671875 0.44384765625 0.140625 0.37646484375 0.1347656234375 0.36474609375 0.1435546875 0.36328125 0.1416015625 0.357421875 0.0888671875 0.3486328140625 0.06835937656249999 0.37060546875 0.07226562343750001 0.41455078125 0.0546875 0.48486328125 0.0390625 0.60205078125 0 0.68994140625 0.0019531234375000002 0.81591796875 0.07421875 0.67529296875 0.09375 0.65185546875 0.09179687656249999 0.61669921875 0.10742187656249999 0.59033203125
1 0 0.40576171875 0.017578123437500003 0.52880859375 0.0390625 0.58740234375 0.05078125 0.53466796875 0.05078125 0.49365234375 0.04296875 0.45263671875 0.037109376562500004 0.32373046875 0.046875 0.20947265625 0.06445312343750001 0.13623046875 0.06835937656249999 0.08935546875 0.0498046875 0 0.0341796875 0.008789064062500001 0.0205078125 0.038085935937499996 0 0.05712890625 0.0058593765625 0.12158203125 0 0.15673828125 0 0.40576171875
1 0.2783203125 0.6796875 0.2392578125 0.685546875 0.24609375 0.71044921875 0.2363281234375 0.71630859375 0.23046875 0.75146484375 0.2285156234375 0.84521484375 0.2363281234375 0.87158203125 0.2167968765625 0.93310546875 0.20703125 0.99755859375 0.2441406234375 0.99755859375 0.2753906234375 0.85986328125 0.2871093765625 0.70458984375 0.28515625 0.68408203125 0.2783203125 0.6796875
1 0.1396484375 0 0.1582031234375 0.23583984375 0.1699218765625 0.30322265625 0.1875 0.16259765625 0.18359375 0.06005859375 0.1669921875 0 0.1396484375 0
1 0.5566406234375 0.21826171875 0.55078125 0.16259765625 0.5419921875 0.15234375 0.5302734375 0.15234375 0.515625 0.17138671875 0.52734375 0.23583984375 0.5234375 0.32080078125 0.4746093765625 0.47021484375 0.47265625 0.50244140625 0.48046875 0.51416015625 0.48046875 0.48779296875 0.5234375 0.39990234375 0.5488281234375 0.31787109375 0.5566406234375 0.21826171875
1 0.5234375 0.13037109375 0.5175781234375 0.13037109375 0.4892578125 0.1845703140625 0.4365234375 0.228515625 0.4277343765625 0.24462890625 0.4316406234375 0.24755859375 0.4853515625 0.2197265640625 0.5107421875 0.1875 0.5253906234375 0.14501953125 0.5234375 0.13037109375
1 0.7734375 0.12744140625 0.7666015625 0.1171875 0.7470703125 0.12011718593750001 0.73828125 0.13330078125 0.7265625 0.36767578125 0.7167968765625 0.47314453125 0.703125 0.52001953125 0.70703125 0.52587890625 0.7363281234375 0.47314453125 0.7558593765625 0.36181640625 0.7734375 0.20361328125 0.7734375 0.12744140625
1 0.7900390625 0.1845703140625 0.7802734375 0.2021484359375 0.7734375 0.20068359375 0.7675781234375 0.22705078125 0.765625 0.28564453125 0.75 0.40576171875 0.734375 0.47314453125 0.73828125 0.47607421875 0.75390625 0.44091796875 0.7832031234375 0.31494140625 0.79296875 0.23583984375 0.7900390625 0.1845703140625
1 0.7099609375 0.3515625 0.6806640625 0.3544921859375 0.6738281234375 0.36767578125 0.68359375 0.47900390625 0.6542968765625 0.70751953125 0.6503906234375 0.80712890625 0.66015625 0.85107421875 0.6816406234375 0.63427734375 0.7128906234375 0.46142578125 0.71484375 0.36181640625 0.7099609375 0.3515625
1 0.27734375 0.34716796875 0.2792968765625 0.39404296875 0.2675781234375 0.55810546875 0.2675781234375 0.57861328125 0.2753906234375 0.58154296875 0.2910156234375 0.44970703125 0.2939453125 0.275390625 0.28125 0.28857421875 0.27734375 0.34716796875
1 0.6660156234375 0.76318359375 0.66796875 0.85400390625 0.66015625 0.88037109375 0.66796875 0.88037109375 0.68359375 0.82763671875 0.68359375 0.78369140625 0.6728515625 0.73828125 0.6660156234375 0.76318359375
1 0.63671875 0.66650390625 0.65625 0.74267578125 0.66015625 0.61669921875 0.6474609375 0.603515625 0.63671875 0.61669921875 0.63671875 0.66650390625
1 0.6328125 0.40283203125 0.6230468765625 0.42333984375 0.6152343765625 0.51708984375 0.6191406234375 0.54345703125 0.625 0.54638671875 0.64453125 0.38525390625 0.6376953125 0.322265625 0.6230468765625 0.33837890625 0.6328125 0.40283203125
1 0.312091503125 0.7450980390625 0.30555555624999997 0.7377450984375 0.2826797390625 0.75 0.26960784375 0.9068627453125 0.26960784375 0.9975490203125 0.31535947656249996 0.9975490203125 0.31535947656249996 0.7916666671875 0.312091503125 0.7450980390625
1 0.1209150328125 0.740196078125 0.12418300625 0.705882353125 0.1127450984375 0.669117646875 0.09477124218750001 0.6397058828125 0.08333333281250001 0.6544117640625 0.081699346875 0.6666666671875 0.1094771234375 0.715686275 0.1127450984375 0.7426470593750001 0.1209150328125 0.740196078125