3 0.4501953125 0.3427734359375 0.4326171875 0.357421875 0.4111328125 0.3515625 0.390625 0.32080078125 0.38671875 0.24169921875 0.3681640625 0.2255859359375 0.3505859375 0.228515625 0.33203125 0.27392578125 0.3378906234375 0.35009765625 0.3837890625 0.416015625 0.421875 0.41748046875 0.4677734375 0.380859375 0.48046875 0.35888671875 0.4785156234375 0.34716796875 0.4501953125 0.3427734359375
1 0.61328125 0.51123046875 0.61328125 0.46728515625 0.6083984375 0.45703125 0.5791015625 0.4599609359375 0.5615234375 0.451171875 0.55078125 0.47021484375 0.54296875 0.51123046875 0.55078125 0.65185546875 0.578125 0.76025390625 0.5986328125 0.7939453140625 0.609375 0.79248046875 0.6152343765625 0.77490234375 0.60546875 0.72216796875 0.5996093765625 0.56982421875 0.61328125 0.51123046875
1 0.7587890625 0.2783203140625 0.7138671875 0.29296875 0.7089843765625 0.30322265625 0.7167968765625 0.34130859375 0.70703125 0.43798828125 0.7089843765625 0.55517578125 0.71484375 0.60498046875 0.73046875 0.61962890625 0.7421875 0.60205078125 0.7675781234375 0.40283203125 0.76953125 0.30322265625 0.7587890625 0.2783203140625
3 0.8691406234375 0.69580078125 0.8769531234375 0.65185546875 0.875 0.60205078125 0.8535156234375 0.56103515625 0.8457031234375 0.48779296875 0.8232421875 0.4541015640625 0.8144531234375 0.46435546875 0.8339843765625 0.49365234375 0.8378906234375 0.56689453125 0.8261718765625 0.59326171875 0.8222656234375 0.66064453125 0.80859375 0.73095703125 0.7675781234375 0.85107421875 0.765625 0.87451171875 0.7753906234375 0.88623046875 0.77734375 0.86865234375 0.79296875 0.86572265625 0.8496093765625 0.74853515625 0.8691406234375 0.69580078125
3 0.7089843765625 0.32080078125 0.7089843765625 0.29443359375 0.7001953125 0.2783203140625 0.66015625 0.32080078125 0.65234375 0.35302734375 0.6503906234375 0.40283203125 0.6582031234375 0.47607421875 0.6640625 0.51708984375 0.671875 0.52294921875 0.6796875 0.49365234375 0.68359375 0.41162109375 0.69921875 0.33544921875 0.7089843765625 0.32080078125
1 0.1425781234375 0.54638671875 0.1298828125 0.462890625 0.1269531234375 0.48779296875 0.140625 0.59912109375 0.13671875 0.67236328125 0.125 0.68408203125 0.1269531234375 0.72216796875 0.1328125 0.72216796875 0.1640625 0.67822265625 0.171875 0.60791015625 0.16796875 0.57861328125 0.1425781234375 0.54638671875
1 0.3984375 0.64306640625 0.3769531234375 0.66943359375 0.3808593765625 0.69873046875 0.390625 0.70751953125 0.4052734375 0.7060546859375 0.4121093765625 0.69287109375 0.4130859375 0.6064453140625 0.3984375 0.64306640625
1 0.41015625 0.50244140625 0.421875 0.55224609375 0.4589843765625 0.43505859375 0.4521484375 0.3984375 0.4121093765625 0.42333984375 0.41015625 0.50244140625
1 0.37890625 0.41748046875 0.3671875 0.48193359375 0.3671875 0.59033203125 0.3730468765625 0.60205078125 0.4003906234375 0.49072265625 0.4042968765625 0.43505859375 0.3955078125 0.416015625 0.37890625 0.41748046875
0 0.41015625 0.50537109375 0.4091796875 0.4189453140625 0.4042968765625 0.42041015625 0.4003906234375 0.49658203125 0.3652343765625 0.62841796875 0.3447265625 0.650390625 0.3017578125 0.673828125 0.2636718765625 0.67822265625 0.2958984375 0.697265625 0.3144531234375 0.69580078125 0.3642578125 0.6796875 0.4042968765625 0.63134765625 0.4199218765625 0.56396484375 0.41015625 0.50537109375
3 0.5136718765625 0.29443359375 0.5009765625 0.310546875 0.5097656234375 0.27099609375 0.5136718765625 0.16845703125 0.5097656234375 0.13623046875 0.4873046875 0.12890625 0.46875 0.15966796875 0.46875 0.26220703125 0.484375 0.42333984375 0.4941406234375 0.47314453125 0.50390625 0.48779296875 0.5332031234375 0.38525390625 0.5410156234375 0.22412109375 0.5253906234375 0.25048828125 0.5136718765625 0.29443359375
1 0.6269531234375 0.61669921875 0.6259765625 0.533203125 0.6152343765625 0.59912109375 0.6191406234375 0.61669921875 0.6269531234375 0.61669921875
1 0.64453125 0.56689453125 0.6640625 0.50830078125 0.6513671875 0.3720703140625 0.6425781234375 0.40283203125 0.64453125 0.56689453125
0 0.3144531234375 0.22412109375 0.3056640625 0.2138671859375 0.2871093765625 0.22412109375 0.26953125 0.29150390625 0.26171875 0.36181640625 0.2363281234375 0.42041015625 0.2324218765625 0.46435546875 0.2441406234375 0.47607421875 0.2558593765625 0.43505859375 0.2910156234375 0.37353515625 0.3203125 0.26220703125 0.3144531234375 0.22412109375
3 0.2714843765625 0.22705078125 0.2666015625 0.2080078140625 0.2675781234375 0.27685546875 0.2714843765625 0.22705078125