1 0.5556640625 0.2109375 0.5371093765625 0.21240234375 0.5058593765625 0.35595703125 0.4785156234375 0.40283203125 0.484375 0.41455078125 0.5048828125 0.4013671859375 0.5332031234375 0.34716796875 0.5605468765625 0.23291015625 0.5556640625 0.2109375
1 0.62109375 0.30322265625 0.62109375 0.25048828125 0.6162109375 0.2431640640625 0.59375 0.27099609375 0.58984375 0.33544921875 0.57421875 0.37939453125 0.5605468765625 0.46142578125 0.55859375 0.51123046875 0.5644531234375 0.51416015625 0.58203125 0.48193359375 0.59375 0.41748046875 0.6152343765625 0.35888671875 0.62109375 0.30322265625
1 0.1259765625 0.544921875 0.11523437656249999 0.62548828125 0.11914062343750001 0.68994140625 0.1386718765625 0.75732421875 0.15234375 0.77490234375 0.1582031234375 0.74267578125 0.1464843765625 0.68408203125 0.1464843765625 0.55517578125 0.1259765625 0.544921875
1 0.0566406234375 0.72509765625 0.0615234375 0.6474609359375 0.037109376562500004 0.64599609375 0.033203123437499996 0.70166015625 0.04296875 0.72216796875 0.0341796875 0.7177734359375 0.0292968765625 0.72509765625 0.0292968765625 0.81005859375 0.048828123437499996 0.79833984375 0.0546875 0.73681640625 0.046875 0.72802734375 0.0566406234375 0.72509765625
3 0.3574218765625 0.47021484375 0.3613281234375 0.48779296875 0.3447265625 0.4951171859375 0.3291015625 0.4951171859375 0.31640625 0.48193359375 0.3125 0.44384765625 0.3212890625 0.3486328140625 0.3066406234375 0.40576171875 0.2910156234375 0.42919921875 0.2890625 0.46728515625 0.3017578125 0.5126953140625 0.3193359375 0.52734375 0.3457031234375 0.52587890625 0.3652343765625 0.50537109375 0.3691406234375 0.47314453125 0.3623046875 0.462890625 0.3574218765625 0.47021484375
1 0.6152343765625 0.44384765625 0.61328125 0.52001953125 0.63671875 0.59033203125 0.6425781234375 0.59033203125 0.6386718765625 0.45263671875 0.64453125 0.42041015625 0.6298828125 0.41015625 0.6152343765625 0.44384765625
0 0.6816406234375 0.53466796875 0.6728515625 0.5302734359375 0.6572265625 0.5419921859375 0.6542968765625 0.54931640625 0.6738281234375 0.61083984375 0.6943359375 0.6416015640625 0.7246093765625 0.65478515625 0.734375 0.64599609375 0.7324218765625 0.63427734375 0.6933593765625 0.59619140625 0.6816406234375 0.53466796875
1 0.6542968765625 0.94775390625 0.62890625 0.99462890625 0.6425781234375 1 0.66015625 0.98291015625 0.68359375 0.92138671875 0.6650390625 0.884765625 0.6542968765625 0.94775390625
1 0.55859375 0.79833984375 0.55859375 0.78662109375 0.5439453125 0.7587890640625 0.52734375 0.77783203125 0.5410156234375 0.80712890625 0.5410156234375 0.83349609375 0.5214843765625 0.88916015625 0.5253906234375 0.90966796875 0.5605468765625 0.84814453125 0.5605468765625 0.83056640625 0.5488281234375 0.80712890625 0.55859375 0.79833984375
1 0.4511718765625 0.47021484375 0.4628906234375 0.44970703125 0.4638671875 0.4130859359375 0.4355468765625 0.45263671875 0.4511718765625 0.47021484375
1 0.4433593765625 0.48779296875 0.4306640625 0.4658203140625 0.4238281234375 0.49951171875 0.390625 0.57568359375 0.3574218765625 0.61962890625 0.3583984375 0.6298828140625 0.3671875 0.63134765625 0.4033203125 0.6064453140625 0.4238281234375 0.57275390625 0.4355468765625 0.50244140625 0.4433593765625 0.48779296875
1 0.2324218765625 0.40576171875 0.2255859375 0.345703125 0.20703125 0.40576171875 0.1953125 0.49365234375 0.19921875 0.59326171875 0.20703125 0.60498046875 0.2089843765625 0.56103515625 0.2207031234375 0.53173828125 0.23046875 0.45556640625 0.2324218765625 0.40576171875
3 0.859375 0.19189453125 0.8671875 0.16552734375 0.8623046875 0.140625 0.8417968765625 0.17431640625 0.8457031234375 0.22119140625 0.8779296875 0.26953125 0.9160156234375 0.28271484375 0.93359375 0.27099609375 0.8916015625 0.2548828140625 0.8671875 0.21826171875 0.859375 0.19189453125
1 0.8037109375 0.6474609359375 0.7861328125 0.6533203140625 0.7783203125 0.6416015640625 0.78125 0.65771484375 0.7744140625 0.6650390640625 0.70703125 0.67529296875 0.7099609375 0.708984375 0.7421875 0.70751953125 0.7861328125 0.685546875 0.8056640625 0.66796875 0.80859375 0.65478515625 0.8037109375 0.6474609359375
1 0.8505859375 0.896484375 0.8339843765625 0.89794921875 0.8515625 0.90380859375 0.8505859375 0.896484375
0 0.6669921875 0.6328125 0.62890625 0.59033203125 0.6123046875 0.5361328140625 0.5996093765625 0.54052734375 0.60546875 0.58740234375 0.6259765625 0.6298828140625 0.6455078125 0.6357421859375 0.6669921875 0.6650390640625 0.703125 0.67236328125 0.7158203125 0.66796875 0.7207031234375 0.64892578125 0.6884765625 0.6474609359375 0.6669921875 0.6328125
0 0.69921875 0.52294921875 0.7128906234375 0.55224609375 0.71484375 0.61669921875 0.734375 0.63134765625 0.7324218765625 0.54931640625 0.7109375 0.49658203125 0.7001953125 0.4921875 0.69921875 0.52294921875
3 0.56640625 0.58740234375 0.5732421875 0.6064453140625 0.5839843765625 0.61083984375 0.6035156234375 0.58447265625 0.5996093765625 0.53466796875 0.6044921875 0.509765625 0.56640625 0.58740234375
3 0.2626953125 0.7587890640625 0.2451171875 0.7646484359375 0.23046875 0.78662109375 0.19921875 0.87158203125 0.19921875 0.88037109375 0.2109375 0.88916015625 0.234375 0.86279296875 0.26171875 0.79833984375 0.2675781234375 0.78076171875 0.2626953125 0.7587890640625
3 0.7109375 0.57861328125 0.7109375 0.55517578125 0.6923828125 0.515625 0.6894531234375 0.54052734375 0.7109375 0.57861328125
1 0.52202716875 0.5782262640625 0.5062081640625 0.5869683484375 0.4970497921875 0.5944615609375 0.47956562968750005 0.5919638234375 0.4712398359375 0.5894660859374999 0.4712398359375 0.6044525125 0.48123078750000003 0.6181900687499999 0.5037104265625 0.6219366734375 0.5228597484375 0.6081991171875 0.533683278125 0.5944615609375 0.5428416484375 0.581972871875 0.5420090703125 0.54950228125 0.5395113312500001 0.5107873484375001 0.5420090703125 0.4958009234375 0.5236923265625 0.49455205468749996 0.52702264375 0.52202716875 0.5295203828124999 0.5457556765625 0.5295203828124999 0.563239840625 0.52202716875 0.5782262640625
1 0.51952943125 0.53076925 0.5228597484375 0.505791875 0.51453395625 0.5007964 0.5012126875 0.4982986625 0.49788237031250004 0.5382624625 0.4987149515625 0.5619909703125 0.5161991140625 0.5520000203125 0.51952943125 0.53076925