1 0.4482421875 0.193359375 0.4160156234375 0.25927734375 0.3808593765625 0.37939453125 0.37890625 0.45849609375 0.4003906234375 0.46435546875 0.41015625 0.44677734375 0.41796875 0.36181640625 0.44921875 0.21240234375 0.4482421875 0.193359375
1 0.0380859375 0.17578125 0.06445312343750001 0.33544921875 0.07421875 0.36474609375 0.08984375 0.37646484375 0.1015625 0.36181640625 0.09570312343750001 0.31494140625 0.0625 0.21533203125 0.0380859375 0.17578125
1 0.0478515625 0.2490234359375 0 0.29443359375 0.00390625 0.33544921875 0.05078125 0.28564453125 0.0835488796875 0.2248166390625 0.0816355453125 0.2104666390625 0.0478515625 0.2490234359375
1 0.10351562343750001 0.59912109375 0.11914062343750001 0.60498046875 0.14453125 0.56982421875 0.1894531234375 0.46728515625 0.1904296875 0.3896484359375 0.10351562343750001 0.59912109375
1 0.4130859375 0.5654296859375 0.4042968765625 0.60498046875 0.4042968765625 0.64599609375 0.4160156234375 0.72802734375 0.4453125 0.81298828125 0.4697265625 0.8583984359375 0.4921875 0.88037109375 0.5058593765625 0.87158203125 0.5097656234375 0.84814453125 0.4511718765625 0.72802734375 0.4130859375 0.5654296859375
0 0.64453125 0.42919921875 0.6416015625 0.3955078140625 0.55859375 0.53759765625 0.5615234375 0.5537109359375 0.578125 0.56396484375 0.5859375 0.54052734375 0.6015625 0.52880859375 0.6328125 0.46728515625 0.64453125 0.42919921875
3 0.6455078125 0.369140625 0.640625 0.38232421875 0.64453125 0.49072265625 0.6386718765625 0.60791015625 0.6503906234375 0.67822265625 0.6582031234375 0.68994140625 0.6699218765625 0.64306640625 0.6777343765625 0.50537109375 0.6542968765625 0.38232421875 0.6455078125 0.369140625
1 0.72265625 0.50537109375 0.7060546875 0.474609375 0.7050781234375 0.75439453125 0.7099609375 0.767578125 0.73046875 0.76611328125 0.7363281234375 0.75146484375 0.7402343765625 0.68115234375 0.734375 0.56103515625 0.72265625 0.50537109375
3 0.80859375 0.64013671875 0.8066406234375 0.58740234375 0.7861328125 0.544921875 0.78125 0.54931640625 0.7832031234375 0.62548828125 0.7480468765625 0.77197265625 0.75390625 0.80126953125 0.7441406234375 0.83349609375 0.7402343765625 0.88916015625 0.7421875 0.97998046875 0.7470703125 0.990234375 0.765625 0.99169921875 0.77734375 0.97705078125 0.7871093765625 0.85986328125 0.7871093765625 0.76611328125 0.80859375 0.64013671875
3 0.8955078125 0.662109375 0.87109375 0.68701171875 0.85546875 0.79248046875 0.85546875 0.85107421875 0.8671875 0.90966796875 0.8730468765625 0.99462890625 0.8847656234375 0.99755859375 0.8828125 0.92138671875 0.8964843765625 0.82763671875 0.9003906234375 0.66943359375 0.8955078125 0.662109375
1 0.9404296875 0.720703125 0.9355468765625 0.72509765625 0.9355468765625 0.75439453125 0.9453125 0.85693359375 0.9296875 0.99755859375 0.9707031234375 0.99755859375 0.98046875 0.93603515625 0.98046875 0.87451171875 0.9589843765625 0.75439453125 0.9404296875 0.720703125
3 0.9052734375 0.6533203140625 0.91796875 0.73974609375 0.90625 0.86572265625 0.9160156234375 0.89794921875 0.9394531234375 0.83056640625 0.9394531234375 0.78076171875 0.93359375 0.69873046875 0.9052734375 0.6533203140625
0 0.20703125 0.06591796875 0.1640625 0.15380859375 0.1728515625 0.169921875 0.1855468765625 0.17138671875 0.21484375 0.11279296875 0.2412109375 0 0.2265625 0.00146484375 0.20703125 0.06591796875
3 0.21875 0.19189453125 0.23059872656249997 0.25236442187499997 0.2482465875 0.270012284375 0.25648225625 0.232951775 0.2402343765625 0.19482421875 0.2324218765625 0.11279296875 0.2216796875 0.07910156406249999 0.21484375 0.10693359375 0.21875 0.19189453125
3 0.5888671875 0.5419921859375 0.5917968765625 0.66357421875 0.5859375 0.73388671875 0.5957031234375 0.75732421875 0.6191406234375 0.71044921875 0.625 0.64599609375 0.609375 0.58154296875 0.5888671875 0.5419921859375
1 0.5634765625 0.369140625 0.5546875 0.38232421875 0.546875 0.43212890625 0.5546875 0.53466796875 0.5605468765625 0.53759765625 0.5761718765625 0.50537109375 0.56640625 0.44970703125 0.5683593765625 0.37646484375 0.5634765625 0.369140625
0 0.8730468765625 0.48779296875 0.86328125 0.56689453125 0.8701171875 0.5771484359375 0.8828125 0.57568359375 0.8925781234375 0.56689453125 0.9384765625 0.33984375 0.921875 0.36181640625 0.8730468765625 0.48779296875
3 0.8740234375 0.2666015640625 0.87890625 0.41748046875 0.8886718765625 0.44091796875 0.9003906234375 0.41455078125 0.9003906234375 0.39404296875 0.8886718765625 0.29736328125 0.8740234375 0.2666015640625
3 0.96484375 0.23583984375 0.9453125 0.38525390625 0.9472656234375 0.40576171875 0.9609375 0.41455078125 0.9707031234375 0.39990234375 0.9785156234375 0.32080078125 0.9716796875 0.2197265640625 0.96484375 0.23583984375
1 0.8046875 0.68115234375 0.8105468765625 0.68701171875 0.8261718765625 0.68408203125 0.8271484375 0.64453125 0.81640625 0.64599609375 0.8046875 0.68115234375
1 0.78515625 0.79833984375 0.7949218765625 0.81005859375 0.8105468765625 0.76904296875 0.8173828125 0.720703125 0.7890625 0.74560546875 0.78515625 0.79833984375
3 0.2548828125 0.439453125 0.25 0.45849609375 0.2792968765625 0.56103515625 0.2861328125 0.57421875 0.31211726562500003 0.6409009875 0.3515107078125 0.6863549578125 0.337874515625 0.5840835249999999 0.3144531234375 0.54052734375 0.2675781234375 0.44970703125 0.2548828125 0.439453125
1 0.90234375 0.30615234375 0.8984375 0.35302734375 0.9003906234375 0.39697265625 0.90625 0.39990234375 0.9199218765625 0.36474609375 0.91796875 0.29150390625 0.9130859375 0.2841796859375 0.90234375 0.30615234375
1 0.8984375 0.70458984375 0.9121093765625 0.79541015625 0.91796875 0.73681640625 0.91015625 0.68115234375 0.9033203125 0.673828125 0.8984375 0.70458984375
1 0.8964843765625 0.64013671875 0.9296875 0.68408203125 0.9140625 0.58154296875 0.9042968765625 0.54638671875 0.8974609375 0.5419921859375 0.8964843765625 0.64013671875
3 0.044921876562500004 0.46728515625 0.041015623437499996 0.59033203125 0.044921876562500004 0.60498046875 0.05078125 0.60498046875 0.07421875 0.55810546875 0.0673828125 0.375 0.0546875 0.39697265625 0.044921876562500004 0.46728515625
3 0.2109375 0.41162109375 0.2001953125 0.3837890640625 0.1933593765625 0.38818359375 0.1875 0.47314453125 0.1425781234375 0.57568359375 0.1552734375 0.59765625 0.16796875 0.59619140625 0.1855468765625 0.56103515625 0.1953125 0.49365234375 0.2128906234375 0.45849609375 0.2109375 0.41162109375
3 0.1611328125 0.3603515640625 0.1503906234375 0.37060546875 0.1484375 0.39990234375 0.1269531234375 0.46728515625 0.0527343765625 0.60791015625 0.0527343765625 0.63427734375 0.0703125 0.64306640625 0.09765625 0.61083984375 0.15625 0.47314453125 0.1640625 0.39404296875 0.1611328125 0.3603515640625
3 0 0.48486328125 0.01953125 0.55224609375 0.041015623437499996 0.57275390625 0.04296875 0.49951171875 0.02734375 0.42041015625 0.0224609375 0.328125 0 0.38525390625 0 0.48486328125
1 0.6699218765625 0.64892578125 0.6582031234375 0.70458984375 0.6621093765625 0.71923828125 0.6875 0.65185546875 0.6884765625 0.5478515640625 0.671875 0.59912109375 0.6699218765625 0.64892578125
1 1 0.52001953125 0.9716796875 0.4541015640625 0.9550781234375 0.54345703125 0.9707031234375 0.60498046875 0.9902343765625 0.64013671875 1 0.69873046875 1 0.52001953125