1 0.593596059375 0.8643790843750001 0.6256157640625 0.8643790843750001 0.637931034375 0.8578431375 0.6354679796875 0.84150326875 0.586206896875 0.8202614374999999 0.45566502499999995 0.8055555562500001 0.40394088593750005 0.8055555562500001 0.4088669953125 0.8235294124999999 0.49753694531250003 0.846405228125 0.593596059375 0.8643790843750001
1 0.7290640390625 0.776143790625 0.7487684734375 0.7810457515625 0.77586206875 0.7745098046875001 0.77586206875 0.7532679734375 0.75369458125 0.6830065359375 0.7290640390625 0.669934640625 0.7142857140625 0.6797385625000001 0.711822659375 0.7107843140625 0.7290640390625 0.776143790625
1 0.46059113281249997 0.25 0.5270935953125 0.33169934687499997 0.544334975 0.3366013078125 0.5640394093750001 0.3333333328125 0.5714285718750001 0.313725490625 0.4876847296875 0.2271241828125 0.45566502499999995 0.2107843140625 0.3793103453125 0.20098039218750002 0.391625615625 0.2205882359375 0.4384236453125 0.23202614375000002 0.46059113281249997 0.25
1 0.6921182265625 0.348039215625 0.6699507390624999 0.382352940625 0.67241379375 0.4166666671875 0.69458128125 0.41339869218749997 0.7068965515625 0.37418300625 0.73152709375 0.3513071890625 0.8078817734375001 0.3349673203125 0.7931034484375 0.328431371875 0.7660098515625 0.328431371875 0.73152709375 0.33823529375 0.71674876875 0.33169934687499997 0.6921182265625 0.348039215625
1 0.645320196875 0.3905228765625 0.6551724140624999 0.3888888890625 0.67241379375 0.364379084375 0.6354679796875 0.3267973859375 0.593596059375 0.30228758125 0.5320197046875 0.2826797390625 0.5394088671875 0.3071895421875 0.5985221671875001 0.34640522812499996 0.630541871875 0.3807189546875 0.645320196875 0.3905228765625
1 0.145320196875 0.848039215625 0.15763546875 0.830065359375 0.13300492656250001 0.8088235296875 0.0591133 0.777777778125 0.0320197046875 0.776143790625 0.0394088671875 0.795751634375 0.071428571875 0.8218954249999999 0.1256157640625 0.846405228125 0.145320196875 0.848039215625
1 0.2068965515625 0.828431371875 0.20935960625 0.8039215687500001 0.1995073890625 0.7467320265625 0.189655171875 0.7385620921875 0.160098521875 0.76797385625 0.160098521875 0.8267973859375 0.174876846875 0.8431372546875 0.1921182265625 0.8431372546875 0.2068965515625 0.828431371875
1 0.2807881765625 0.831699346875 0.2807881765625 0.8186274515624999 0.24384236406249998 0.777777778125 0.197044334375 0.7450980390625 0.2142857140625 0.813725490625 0.24384236406249998 0.83986928125 0.2635467984375 0.84150326875 0.2807881765625 0.831699346875
1 0.44334975312499997 0.44281045781249995 0.5172413796875001 0.4705882359375 0.5369458125000001 0.4673202609375 0.5369458125000001 0.454248365625 0.5098522171875 0.428104575 0.4088669953125 0.41176470624999995 0.3866995078125 0.4150326796875 0.37192118281250003 0.43137254843750006 0.44334975312499997 0.44281045781249995
1 0.4236453203125 0.20098039218750002 0.3571428578125 0.15359477187499998 0.34482758593749996 0.1127450984375 0.3522167484375 0.080065359375 0.33743842343749997 0.0686274515625 0.31280788125000003 0.1078431375 0.3078817734375 0.1470588234375 0.332512315625 0.186274509375 0.3793103453125 0.2124183 0.4236453203125 0.20098039218750002
1 0.5221674875 0.1650326796875 0.4802955671875 0.0359477125 0.46798029531249996 0.052287581250000006 0.46798029531249996 0.13888888906250002 0.49753694531250003 0.1911764703125 0.5221674875 0.1830065359375 0.5221674875 0.1650326796875
1 0.5541871921875 0.16176470625 0.573891625 0.1797385625 0.593596059375 0.186274509375 0.600985221875 0.168300653125 0.5763546796875 0.1209150328125 0.5369458125000001 0.081699346875 0.5049261078125 0.0686274515625 0.49753694531250003 0.0686274515625 0.5024630546875 0.08986928125 0.5320197046875 0.1209150328125 0.5541871921875 0.16176470625
1 0.645320196875 0.1650326796875 0.615763546875 0.1111111109375 0.5812807875 0.0735294125 0.5615763546875 0.0669934640625 0.593596059375 0.1568627453125 0.6182266015625 0.1797385625 0.6403940890625 0.17810457500000001 0.645320196875 0.1650326796875
1 0.1034482765625 0.73366013125 0.08128078749999999 0.7287581703125 0.11083743906250001 0.7826797390625 0.15517241406249999 0.813725490625 0.15517241406249999 0.76633986875 0.1034482765625 0.73366013125
1 0.167487684375 0.7189542484375 0.1477832515625 0.7173202609375 0.1428571421875 0.73039215625 0.160098521875 0.76633986875 0.1921182265625 0.7385620921875 0.167487684375 0.7189542484375
1 0.302955665625 0.8055555562500001 0.31034482812499997 0.7875816999999999 0.2931034484375 0.7630718953125 0.21182265937500003 0.689542484375 0.19458128125000002 0.6830065359375 0.20197044375 0.723856209375 0.2266009859375 0.7565359484374999 0.27832512343750004 0.8088235296875 0.302955665625 0.8055555562500001
1 0.2709359609375 0.69607843125 0.25369458125 0.6421568625 0.2364532015625 0.6421568625 0.22167487656249998 0.66013071875 0.22413793124999998 0.689542484375 0.24137931093749998 0.715686275 0.2635467984375 0.73039215625 0.2709359609375 0.69607843125
1 0.608374384375 0.76960784375 0.67241379375 0.795751634375 0.697044334375 0.7875816999999999 0.697044334375 0.7728758171875 0.630541871875 0.7352941171875 0.5591133 0.7140522875 0.5197044328125 0.7124183000000001 0.514778325 0.7205882359375 0.5221674875 0.7254901953124999 0.5615763546875 0.740196078125 0.608374384375 0.76960784375
1 0.6403940890625 0.6503267968750001 0.593596059375 0.6993464046875 0.586206896875 0.7189542484375 0.6256157640625 0.73039215625 0.66502463125 0.6503267968750001 0.6403940890625 0.6503267968750001
1 0.2142857140625 0.4689542484375 0.2290640390625 0.4526143796875 0.1921182265625 0.40032679687500006 0.1477832515625 0.3594771234375 0.100985221875 0.33169934687499997 0.09113300468749999 0.3366013078125 0.167487684375 0.44444444375 0.189655171875 0.46568627500000004 0.2142857140625 0.4689542484375
1 0.3522167484375 0.2990196078125 0.384236453125 0.2712418296875 0.3571428578125 0.26633986875 0.2068965515625 0.18464052343749998 0.197044334375 0.18464052343749998 0.20443349687499998 0.20098039218750002 0.2512315265625 0.24019607812500002 0.3522167484375 0.2990196078125
1 0.485221675 0.1911764703125 0.485221675 0.1748366015625 0.47044335000000004 0.1486928109375 0.4532019703125 0.062091503125 0.4310344828125 0.078431371875 0.435960590625 0.08823529375 0.426108375 0.09640522812499999 0.426108375 0.16176470625 0.44334975312499997 0.1928104578125 0.46798029531249996 0.2026143796875 0.485221675 0.1911764703125
1 0.5960591140625 0.18954248437500001 0.5788177343750001 0.1797385625 0.544334975 0.171568628125 0.5320197046875 0.1764705875 0.52955665 0.19607843125 0.573891625 0.20915032656250002 0.5985221671875001 0.2026143796875 0.5960591140625 0.18954248437500001