3 0.3202614375 0.5294117640625 0.36274509843749997 0.60539215625 0.385620915625 0.6127450984375 0.38725490156250003 0.578431371875 0.3513071890625 0.509803921875 0.3235294125 0.4044117640625 0.3202614375 0.367647059375 0.31535947656249996 0.367647059375 0.294117646875 0.37745097968749997 0.292483659375 0.39460784375 0.3202614375 0.5294117640625
3 0.7124183000000001 0.169117646875 0.758169934375 0.223039215625 0.76633986875 0.223039215625 0.7875816999999999 0.2549019609375 0.8169934640625 0.26960784375 0.8366013078125001 0.2671568625 0.8349673203125001 0.2181372546875 0.8088235296875 0.20833333281250002 0.8088235296875 0.188725490625 0.7875816999999999 0.171568628125 0.7728758171875 0.14215686249999998 0.7287581703125 0.12254902031249999 0.6911764703125 0.12009803906250001 0.6732026140625 0.125 0.669934640625 0.1372549015625 0.7124183000000001 0.169117646875
3 0.0735294125 0.6813725484375001 0.0669934640625 0.69607843125 0.10620915 0.6936274515624999 0.1666666671875 0.6642156859375 0.2516339875 0.6642156859375 0.2728758171875 0.64460784375 0.2728758171875 0.6200980390625 0.2647058828125 0.6078431375 0.25 0.598039215625 0.223856209375 0.598039215625 0.18954248437500001 0.60539215625 0.11928104531249999 0.64460784375 0.0735294125 0.6813725484375001
3 0.1045751640625 0.7107843140625 0.13888888906250002 0.7279411765625 0.223856209375 0.7279411765625 0.23202614375000002 0.7205882359375 0.23692810468749997 0.7009803921875 0.23366013125 0.67892156875 0.1748366015625 0.6666666671875 0.117647059375 0.686274509375 0.1078431375 0.6936274515624999 0.1045751640625 0.7107843140625
1 0.723856209375 0.4779411765625 0.7434640515625001 0.49264705937500003 0.7467320265625 0.51960784375 0.7549019609375 0.526960784375 0.7745098046875001 0.5220588234375 0.7810457515625 0.4828431375 0.75 0.4264705875 0.722222221875 0.419117646875 0.686274509375 0.36274509843749997 0.6552287578125 0.3431372546875 0.6503267968750001 0.3578431375 0.6666666671875 0.3921568625 0.723856209375 0.4779411765625
3 0.8251633984375 0 0.7973856203125 0.03676470625 0.784313725 0.0759803921875 0.784313725 0.10294117656249999 0.810457515625 0.10294117656249999 0.8611111109375 0.034313725 0.87418300625 0 0.8251633984375 0
3 0.7892156859375 0.40196078437500005 0.795751634375 0.375 0.7630718953125 0.348039215625 0.7026143796875 0.3700980390625 0.704248365625 0.3921568625 0.722222221875 0.419117646875 0.777777778125 0.4166666671875 0.7892156859375 0.40196078437500005
3 0.5931372546875 0.526960784375 0.598039215625 0.5073529406249999 0.571895425 0.43137254843750006 0.5130718953125 0.311274509375 0.5049019609375 0.311274509375 0.5049019609375 0.3357843140625 0.544117646875 0.4852941171875 0.5735294125 0.5294117640625 0.5931372546875 0.526960784375
3 0.37581699375 0.64460784375 0.366013071875 0.6274509796875 0.348039215625 0.625 0.3349673203125 0.6544117640625 0.33169934687499997 0.715686275 0.3447712421875 0.7254901953124999 0.3611111109375 0.7083333328125 0.37581699375 0.64460784375
3 0.27777777812500004 0.901960784375 0.2973856203125 0.8799019609375 0.2973856203125 0.8627450984375 0.2908496734375 0.8529411765624999 0.2189542484375 0.8602941171875 0.20098039218750002 0.875 0.186274509375 0.9044117640625 0.18464052343749998 0.9240196078125 0.1928104578125 0.9313725484375001 0.20915032656250002 0.9044117640625 0.27777777812500004 0.901960784375
3 0.16993464062500002 0.8063725484375001 0.1568627453125 0.794117646875 0.114379084375 0.848039215625 0.1094771234375 0.8602941171875 0.114379084375 0.8897058828125 0.1454248359375 0.8578431375 0.16993464062500002 0.8063725484375001