3 0.1127450984375 0.57107843125 0.12745097968750002 0.57107843125 0.1290849671875 0.5514705875 0.1111111109375 0.5073529406249999 0.1045751640625 0.436274509375 0.09150326875 0.382352940625 0.08496732031250001 0.37745097968749997 0.0751633984375 0.382352940625 0.09640522812499999 0.5171568625 0.1127450984375 0.57107843125
3 0.1454248359375 0.5171568625 0.16013071875 0.526960784375 0.1748366015625 0.580882353125 0.1813725484375 0.5833333328125 0.1830065359375 0.5686274515624999 0.16993464062500002 0.53676470625 0.16176470625 0.4828431375 0.1552287578125 0.3357843140625 0.1454248359375 0.311274509375 0.13888888906250002 0.311274509375 0.132352940625 0.3799019609375 0.133986928125 0.490196078125 0.1454248359375 0.5171568625
3 0.33169934687499997 0.590686275 0.33986928125000004 0.5661764703125 0.3071895421875 0.5220588234375 0.292483659375 0.4583333328125 0.2908496734375 0.4044117640625 0.27777777812500004 0.39950980468749997 0.27777777812500004 0.49509803906250005 0.30555555624999997 0.5588235296875 0.33169934687499997 0.590686275
3 0.20098039218750002 0.6323529406249999 0.2107843140625 0.634803921875 0.215686275 0.6200980390625 0.20751634062500002 0.5833333328125 0.20588235312499997 0.43137254843750006 0.19607843125 0.4240196078125 0.186274509375 0.436274509375 0.1813725484375 0.5588235296875 0.20098039218750002 0.6323529406249999
3 0.0392156859375 0.5049019609375 0.052287581250000006 0.5220588234375 0.062091503125 0.5024509796875 0.055555556250000006 0.348039215625 0.0375817 0.3259803921875 0.027777778125000003 0.35049019531250003 0.034313725 0.4779411765625 0.0392156859375 0.5049019609375
3 0.687908496875 0.30392156875 0.6928104578125 0.1568627453125 0.689542484375 0.132352940625 0.6830065359375 0.1299019609375 0.66176470625 0.35049019531250003 0.6732026140625 0.3431372546875 0.687908496875 0.30392156875
3 0.3578431375 0.578431371875 0.367647059375 0.5049019609375 0.3611111109375 0.44117647031249996 0.3447712421875 0.55392156875 0.348039215625 0.598039215625 0.3692810453125 0.615196078125 0.37254902031250003 0.6102941171875 0.3578431375 0.578431371875
3 0.382352940625 0.5955882359375 0.38725490156250003 0.6127450984375 0.40032679687500006 0.598039215625 0.41830065312500003 0.5122549015625 0.42483660156249997 0.438725490625 0.421568628125 0.4068627453125 0.4150326796875 0.40196078437500005 0.40032679687500006 0.44607843125 0.3905228765625 0.5122549015625 0.382352940625 0.5955882359375
3 0.6650326796875 0.5 0.6813725484375001 0.5049019609375 0.6846405234375 0.490196078125 0.678104575 0.4509803921875 0.6666666671875 0.43382352968750004 0.653594771875 0.38725490156250003 0.6552287578125 0.2892156859375 0.6454248359375 0.2794117640625 0.635620915625 0.2990196078125 0.6405228765625 0.4142156859375 0.6650326796875 0.5
3 0.758169934375 0.6421568625 0.784313725 0.5759803921875 0.7892156859375 0.48774509843749997 0.777777778125 0.4779411765625 0.76633986875 0.57107843125 0.7549019609375 0.6102941171875 0.758169934375 0.6421568625
0 0.8757035140625 0.6271733015625001 0.91371401875 0.6556811796875001 0.9005565359375 0.629366215625 0.8800893437499999 0.5591929796875 0.8771654578125 0.4780551734375 0.85816020625 0.4670906046875 0.85816020625 0.5504213234375 0.8757035140625 0.6271733015625001
3 0.7075801359375 0.546035496875 0.7178137312499999 0.45174021093750005 0.7221995609375 0.3815669734375 0.6973465390625 0.37060240625 0.694422653125 0.44296855625 0.6900368265625 0.5241063609375 0.695884596875 0.5855079437499999 0.7075801359375 0.546035496875
3 0.8216116453125 0.5657717203125 0.8069922203125 0.607437078125 0.8172258187500001 0.646909525 0.84354078125 0.557000065625 0.8376930109374999 0.4583189515625 0.8113780484375 0.436389815625 0.8128399906249999 0.4627047796875 0.8216116453125 0.5657717203125
1 0.321895425 0.759803921875 0.3447712421875 0.7990196078125 0.349673203125 0.78676470625 0.34640522812499996 0.75 0.3545751640625 0.7377450984375 0.3447712421875 0.6740196078125 0.34640522812499996 0.64460784375 0.3333333328125 0.6225490203125 0.330065359375 0.58823529375 0.3169934640625 0.578431371875 0.31535947656249996 0.6544117640625 0.3267973859375 0.7205882359375 0.321895425 0.759803921875
1 0.7483660125 0.6470588234375 0.7467320265625 0.5073529406249999 0.73202614375 0.49754902031250003 0.73366013125 0.6200980390625 0.7369281046875 0.6470588234375 0.7483660125 0.6470588234375
1 0.74635551875 0.7706376328125 0.7514675421875 0.6939572703125 0.7540235546875 0.64603204375 0.7322974515625 0.6652021343750001 0.7233514078125001 0.77447165 0.73613146875 0.824313884375 0.7489115296875 0.8032267875000001 0.74635551875 0.7706376328125
1 0.7297414390625 0.7993927671875001 0.725907421875 0.6747871812499999 0.7182393859375 0.6977912890625 0.7067373296875 0.766803615625 0.7118493546875 0.831981921875 0.725907421875 0.8454009859375 0.7297414390625 0.7993927671875001
1 0.22748507187499997 0.720795396875 0.25048918124999997 0.720795396875 0.2402651328125 0.672870171875 0.2249290609375 0.57126869375 0.20831498124999998 0.588521775 0.212149 0.6230279359375 0.22748507187499997 0.720795396875
1 0.2565359484375 0.688725490625 0.241830065625 0.686274509375 0.23856209218750002 0.6985294125 0.23366013125 0.7720588234375 0.241830065625 0.7818627453125 0.24019607812500002 0.759803921875 0.2565359484375 0.688725490625
1 0.2760493 0.6613681171875 0.263269240625 0.8185628578124999 0.2786053140625 0.8013097765625 0.301609421875 0.6671191453125 0.2760493 0.6613681171875
3 0.9754901953124999 0.41176470624999995 0.965686275 0.419117646875 0.9591503265625001 0.47303921562499995 0.955882353125 0.5686274515624999 0.965686275 0.6004901953124999 0.98202614375 0.46323529375000005 0.9754901953124999 0.41176470624999995
3 0.526143790625 0.5686274515624999 0.527777778125 0.55392156875 0.51633986875 0.5294117640625 0.5130718953125 0.3333333328125 0.508169934375 0.3602941171875 0.5 0.365196078125 0.49346405156250006 0.3897058828125 0.5 0.5294117640625 0.508169934375 0.5514705875 0.526143790625 0.5686274515624999
3 0.578431371875 0.5073529406249999 0.578431371875 0.4754901953125 0.598039215625 0.375 0.5947712421875 0.2990196078125 0.5669934640625 0.4583333328125 0.5669934640625 0.5122549015625 0.578431371875 0.5416666671875 0.59150326875 0.5514705875 0.578431371875 0.5073529406249999
3 0.49673202656250004 0.7818627453125 0.491830065625 0.6911764703125 0.48039215625000004 0.686274509375 0.4787581703125 0.7573529406249999 0.491830065625 0.8014705875000001 0.5049019609375 0.8186274515624999 0.49673202656250004 0.7818627453125
1 0.2614379078125 0.6004901953124999 0.2516339875 0.5857843140625 0.2483660125 0.5416666671875 0.23856209218750002 0.5245098046875001 0.23692810468749997 0.5857843140625 0.258169934375 0.625 0.27450980468749997 0.6029411765625 0.2614379078125 0.6004901953124999
3 0.1290849671875 0.5735294125 0.1290849671875 0.669117646875 0.14215686249999998 0.6764705875 0.1454248359375 0.534313725 0.1290849671875 0.5735294125