1 0.41015625 0.57568359375 0.4150390625 0.591796875 0.4638671875 0.626953125 0.4765625 0.66650390625 0.4941406234375 0.67822265625 0.5058593765625 0.64306640625 0.4794921875 0.5947265640625 0.4384765625 0.5712890640625 0.41015625 0.57568359375
1 0.515625 0.40576171875 0.4589843765625 0.57861328125 0.48828125 0.59912109375 0.52734375 0.46435546875 0.53515625 0.40869140625 0.5322265625 0.3779296859375 0.515625 0.40576171875
0 0.6904296875 0.3134765640625 0.6142578125 0.3896484359375 0.53515625 0.52001953125 0.53125 0.55810546875 0.5449218765625 0.56396484375 0.6591796875 0.3837890640625 0.7519531234375 0.28857421875 0.7412109375 0.2841796859375 0.6904296875 0.3134765640625
1 0.6279296875 0.4365234359375 0.5996093765625 0.47900390625 0.5917968765625 0.51416015625 0.53125 0.58447265625 0.5332031234375 0.60791015625 0.515625 0.65185546875 0.53515625 0.66064453125 0.5605468765625 0.60205078125 0.6074218765625 0.53759765625 0.62890625 0.47314453125 0.6279296875 0.4365234359375
1 0.2578125 0.61962890625 0.2724609375 0.6357421859375 0.36328125 0.64013671875 0.3691406234375 0.63427734375 0.3525390625 0.6064453140625 0.3349609375 0.6005859359375 0.2578125 0.61962890625
3 0.2568359375 0.369140625 0.2314453125 0.3369140640625 0.21484375 0.33544921875 0.22265625 0.37353515625 0.2646484375 0.43359375 0.2822265625 0.43359375 0.3427734375 0.5009765640625 0.35546875 0.50537109375 0.3652343765625 0.49072265625 0.3652343765625 0.47021484375 0.3505859375 0.439453125 0.2568359375 0.369140625
3 0.38671875 0.21240234375 0.3681640625 0.193359375 0.3691406234375 0.26513671875 0.3457031234375 0.42333984375 0.3564453125 0.439453125 0.37109375 0.44384765625 0.3847656234375 0.42626953125 0.3925781234375 0.29443359375 0.390625 0.22705078125 0.38671875 0.21240234375
3 0.5029296875 0.19921875 0.4560546875 0.240234375 0.3886718765625 0.35302734375 0.3886718765625 0.41162109375 0.4199218765625 0.36474609375 0.47265625 0.25634765625 0.4980468765625 0.22412109375 0.5029296875 0.19921875
3 0.53125 0.20361328125 0.47265625 0.32373046875 0.4199218765625 0.40576171875 0.4042968765625 0.44677734375 0.40625 0.47900390625 0.4121093765625 0.47900390625 0.4277343765625 0.47021484375 0.5712890625 0.1728515640625 0.5537109375 0.17578125 0.53125 0.20361328125
0 0.4931640625 0.3310546859375 0.484375 0.35888671875 0.5058593765625 0.43505859375 0.51953125 0.39990234375 0.51953125 0.37939453125 0.5058593765625 0.34130859375 0.4931640625 0.3310546859375
0 0.4980468765625 0.59033203125 0.5068359375 0.6181640640625 0.5214843765625 0.61669921875 0.53125 0.58154296875 0.5263671875 0.46875 0.5019531234375 0.54345703125 0.4980468765625 0.59033203125
3 0.5332031234375 0.45556640625 0.57421875 0.42333984375 0.5361328125 0.421875 0.5292968765625 0.44384765625 0.5332031234375 0.45556640625
3 0.4511718765625 0.50537109375 0.4433593765625 0.55224609375 0.4550781234375 0.56103515625 0.484375 0.50244140625 0.4990234375 0.4482421859375 0.4755859375 0.4658203140625 0.4511718765625 0.50537109375
1 0.1162109375 0.05859375 0.0732421875 0.041015625 0.0283203125 0.046875 0.00390625 0.08349609375 0.0244140625 0.09082031406249999 0.0439453125 0.076171875 0.0791015625 0.076171875 0.11523437656249999 0.09228515625 0.1437136125 0.103098896875 0.1704925453125 0.103098896875 0.1472841375 0.07498101406249999 0.1162109375 0.05859375
3 0.3583984375 0.123046875 0.3847656234375 0.10986328125 0.3701171875 0.099609375 0.2783203125 0.09082031406249999 0.2138671875 0.06738281406249999 0.1455078125 0.11425781406249999 0.12890625 0.13330078125 0.1308593765625 0.14501953125 0.1552734375 0.12011718593750001 0.1865234375 0.10546875 0.2724609375 0.1259765640625 0.3583984375 0.123046875
3 0.1884765625 0.1611328140625 0.1484375 0.18603515625 0.1494140625 0.19921875 0.1806640625 0.2109375 0.2607421875 0.205078125 0.3125 0.21826171875 0.3144531234375 0.20947265625 0.2958984375 0.1845703140625 0.2626953125 0.1669921859375 0.1884765625 0.1611328140625
3 0.0292968765625 0.22119140625 0.1123046875 0.3134765640625 0.1982421875 0.38671875 0.2089843765625 0.38525390625 0.2128906234375 0.36181640625 0.1982421875 0.3369140640625 0.0537109375 0.2255859359375 0.0292968765625 0.22119140625
3 0.2089843765625 0.21240234375 0.3574218765625 0.32373046875 0.3613281234375 0.29736328125 0.2880859375 0.2197265640625 0.2705078125 0.2080078140625 0.2089843765625 0.21240234375
3 0.6962890625 0.556640625 0.6025390625 0.55078125 0.57421875 0.59033203125 0.5917968765625 0.59912109375 0.6962890625 0.591796875 0.7519531234375 0.54052734375 0.7373046875 0.5361328140625 0.6962890625 0.556640625
0 0.7861328125 0.673828125 0.7763671875 0.6591796859375 0.7431640625 0.6474609359375 0.7197265625 0.6474609359375 0.70703125 0.66064453125 0.70703125 0.68115234375 0.7197265625 0.6943359359375 0.8339843765625 0.71044921875 0.8818359375 0.7001953140625 0.8847656234375 0.68994140625 0.8603515625 0.6767578140625 0.7861328125 0.673828125
1 0.1025390625 0.69140625 0.1171875 0.68994140625 0.1425781234375 0.67529296875 0.1376953125 0.64453125 0.09765625 0.68115234375 0.1025390625 0.69140625
3 0.56640625 0.60791015625 0.5791015625 0.6240234359375 0.625 0.63427734375 0.7080078125 0.6298828140625 0.7167968765625 0.61083984375 0.6201171875 0.59765625 0.56640625 0.60791015625
3 0.76417089375 0.82843071875 0.7826962484375 0.8579555031250001 0.8046951078125 0.8874802875000001 0.8301674703125 0.9170050734374999 0.8440614875 0.943056353125 0.8753230249999999 0.9760546421875 0.8892170390624999 0.9968956671875 0.9019532218749999 1 0.9077423953125001 0.9934221624999999 0.9042688906249999 0.9708443843750001 0.883427865625 0.9326358406249999 0.8672181812499999 0.911794815625 0.848692825 0.8840067843750001 0.8232204624999999 0.8579555031250001 0.8046951078125 0.835377728125 0.788485421875 0.80585294375 0.773433571875 0.78501191875 0.75953955625 0.79543243125 0.754908215625 0.81801020625 0.76417089375 0.82843071875
3 0.78501191875 0.7815384140625 0.7965902640625 0.80585294375 0.8243782968750001 0.847534990625 0.8579555031250001 0.8701127671875 0.8753230249999999 0.8770597765625 0.9054267250000001 0.8944272968750001 0.9239520796875 0.9100580640624999 0.9424774359375 0.9170050734374999 0.9725811375 0.9326358406249999 0.9899486578125 0.943056353125 0.9968956671875 0.9291623359375001 0.9876329890625 0.9187418234375 0.973738971875 0.9013743046875 0.9575292859375001 0.8874802875000001 0.940161765625 0.8753230249999999 0.9227942468749999 0.8649025124999999 0.9089002296875 0.8596922546875 0.891532709375 0.845798240625 0.8672181812499999 0.8301674703125 0.8498506593749999 0.80585294375 0.8313253062499999 0.7919589265625 0.8185891234374999 0.7780649093750001 0.8046951078125 0.755487134375 0.78964325625 0.7381196125 0.7792227453125 0.7450666218750001 0.7745914046875 0.7606973890625001 0.78501191875 0.7815384140625
3 0.8869013703125 0.6860170515624999 0.9112158984375001 0.6842803015625 0.9366882609375 0.6564922671875 0.96447629375 0.620020475 0.977212475 0.5887589390625 0.9725811375 0.562707659375 0.9806859796875 0.5401298828125001 0.9911064921875001 0.5123418484375 0.9899486578125 0.4880273203125 0.9783703109375 0.49844783281250005 0.9725811375 0.5088683453125 0.96447629375 0.526235865625 0.9540557828124999 0.5505503953125 0.9459509390624999 0.5679179140625 0.9332147578125 0.5800751796875 0.9181629062500001 0.6009162031249999 0.9100580640624999 0.620020475 0.8903748734375 0.6356512421875 0.8764808578125001 0.642598253125 0.8602711734374999 0.6530187640625 0.8440614875 0.661702525 0.8637446765625001 0.6703862843749999 0.8753230249999999 0.6721230375 0.8869013703125 0.6860170515624999