3 0.348039215625 0.4324324328125 0.383986928125 0.5356265359375 0.41013071874999996 0.574938575 0.42483660156249997 0.5798525796875 0.43137254843750006 0.5552825546875 0.40032679687500006 0.49877149843749996 0.3905228765625 0.5012285015625 0.385620915625 0.48648648593750005 0.383986928125 0.41523341562500005 0.37254902031250003 0.38083538125 0.3692810453125 0.275184275 0.3513071890625 0.2678132671875 0.3366013078125 0.277641278125 0.3333333328125 0.297297296875 0.348039215625 0.4324324328125
1 0.51633986875 0.46191646249999996 0.5 0.48157248125 0.48366013125 0.5208845203125 0.48366013125 0.552825553125 0.508169934375 0.55036855 0.5228758171875 0.4668304671875 0.51633986875 0.46191646249999996
3 0.4607843140625 0.5872235875 0.4689542484375 0.5479115484375 0.5016339875 0.4643734640625 0.4983660125 0.4373464375 0.4787581703125 0.4299754296875 0.47222222187499996 0.44717444687499996 0.4607843140625 0.4299754296875 0.419934640625 0.5921375921875 0.3545751640625 0.7321867328125 0.3513071890625 0.7641277640624999 0.3611111109375 0.7862407859375 0.37745097968749997 0.7272727265625 0.4607843140625 0.5872235875
3 0.42973856250000003 0.79361179375 0.4166666671875 0.78132678125 0.41339869218749997 0.8009828015625 0.41339869218749997 0.8230958234375001 0.4232026140625 0.8378378375000001 0.4591503265625 0.8304668296875001 0.4787581703125 0.7862407859375 0.48202614375 0.7076167078125 0.4754901953125 0.6068796062499999 0.4673202609375 0.5945945953125 0.436274509375 0.64373464375 0.439542484375 0.7616707609375 0.42973856250000003 0.79361179375
0 0.5375816999999999 0.710073709375 0.5473856203125 0.7223587218749999 0.5555555562500001 0.6707616703125 0.55392156875 0.609336609375 0.5392156859375 0.5307125312500001 0.527777778125 0.5135135140625 0.51960784375 0.5233415234375001 0.51633986875 0.5601965609375 0.5375816999999999 0.710073709375
3 0.741830065625 0.40540540468749997 0.758169934375 0.5110565109375 0.792483659375 0.54299754375 0.828431371875 0.5552825546875 0.8235294124999999 0.5380835375 0.792483659375 0.5135135140625 0.7794117640625 0.49140049062499996 0.76960784375 0.43488943437499994 0.76797385625 0.3488943484375 0.7434640515625001 0.334152334375 0.741830065625 0.38083538125 0.7532679734375 0.3955773953125 0.741830065625 0.40540540468749997
3 0.11601307187500001 0.484029484375 0.1405228765625 0.459459459375 0.14215686249999998 0.40786240781250005 0.12254902031249999 0.3734643734375 0.10294117656249999 0.3636363640625 0.098039215625 0.3710073703125 0.1094771234375 0.41523341562500005 0.10620915 0.46928746875 0.11601307187500001 0.484029484375
3 0.1078431375 0.3734643734375 0.1748366015625 0.3832923828125 0.186274509375 0.3710073703125 0.1797385625 0.3513513515625 0.098039215625 0.33660933593750003 0.08986928125 0.3415233421875 0.08823529375 0.35626535625 0.1078431375 0.3734643734375
3 0.30882352968750004 0.3415233421875 0.32516339843750003 0.4103194109375 0.3431372546875 0.422604421875 0.34640522812499996 0.3955773953125 0.32516339843750003 0.3046683046875 0.3169934640625 0.2800982796875 0.2892156859375 0.24570024531249998 0.2810457515625 0.25798525781250004 0.2826797390625 0.2800982796875 0.30882352968750004 0.3415233421875
3 0.6503267968750001 0.7125307125 0.6552287578125 0.678132678125 0.6388888890625 0.6216216218749999 0.6454248359375 0.4447174453125 0.616013071875 0.4447174453125 0.5996732031249999 0.50614250625 0.6013071890624999 0.5798525796875 0.6094771234375 0.6265356265625 0.633986928125 0.7125307125 0.6503267968750001 0.7125307125
3 0.523002259375 0.49127659687499997 0.545751634375 0.5356265359375 0.563725490625 0.55036855 0.6030668046875001 0.539821715625 0.598039215625 0.5208845203125 0.563725490625 0.50614250625 0.55528635 0.47185855 0.5475381687499999 0.4407896734375 0.54882953125 0.40001177343750005 0.523002259375 0.4019535796875 0.501049078125 0.4194298234375 0.51912816875 0.45632411250000005 0.523002259375 0.49127659687499997