1 0.5514705875 0.37254902031250003 0.4852941171875 0.421568628125 0.4607843140625 0.4607843140625 0.438725490625 0.4787581703125 0.43137254843750006 0.5473856203125 0.438725490625 0.5490196078125 0.4583333328125 0.545751634375 0.47303921562499995 0.51960784375 0.4779411765625 0.46568627500000004 0.57107843125 0.3970588234375 0.58823529375 0.367647059375 0.5833333328125 0.32516339843750003 0.561274509375 0.295751634375 0.5416666671875 0.294117646875 0.526960784375 0.30882352968750004 0.5514705875 0.33986928125000004 0.5514705875 0.37254902031250003
1 0.259803921875 0.563725490625 0.276960784375 0.5702614374999999 0.276960784375 0.5833333328125 0.2647058828125 0.58986928125 0.2671568625 0.6094771234375 0.2475490203125 0.6764705875 0.1911764703125 0.7173202609375 0.12745097968750002 0.7287581703125 0.12009803906250001 0.7352941171875 0.0514705875 0.7369281046875 0.044117646875 0.7434640515625001 0.0490196078125 0.7630718953125 0.12254902031249999 0.7614379078125 0.2107843140625 0.7385620921875 0.2549019609375 0.7107843140625 0.2892156859375 0.6552287578125 0.311274509375 0.64379085 0.2818627453125 0.5555555562500001 0.23774509843749997 0.527777778125 0.23039215624999998 0.5490196078125 0.24019607812500002 0.5653594765625 0.259803921875 0.563725490625
1 0.3431372546875 0.3611111109375 0.348039215625 0.348039215625 0.3333333328125 0.34150326875000003 0.3259803921875 0.3169934640625 0.28431372499999996 0.27450980468749997 0.2335550203125 0.24711621718750001 0.216873975 0.256846825 0.2143225171875 0.267052659375 0.2549019609375 0.3006535953125 0.30392156875 0.3545751640625 0.3235294125 0.36274509843749997 0.3431372546875 0.3611111109375
1 0.26960784375 0.40032679687500006 0.1911764703125 0.3954248359375 0.186274509375 0.40849673124999997 0.1985294125 0.4150326796875 0.2916666671875 0.421568628125 0.35539215625 0.40032679687500006 0.39460784375 0.3709150328125 0.3970588234375 0.3513071890625 0.35049019531250003 0.33823529375 0.3455882359375 0.3709150328125 0.3186274515625 0.37418300625 0.26960784375 0.40032679687500006
1 0.46323529375000005 0.6911764703125 0.5392156859375 0.671568628125 0.5220588234375 0.66013071875 0.43382352968750004 0.66176470625 0.35049019531250003 0.6388888890625 0.3529411765625 0.66176470625 0.382352940625 0.686274509375 0.46323529375000005 0.6911764703125
3 0.311274509375 0.294117646875 0.35049019531250003 0.33169934687499997 0.3921568625 0.3513071890625 0.42892156875 0.3611111109375 0.44607843125 0.3594771234375 0.4509803921875 0.3529411765625 0.436274509375 0.33823529375 0.382352940625 0.3169934640625 0.3827187796875 0.3180818296875 0.3572041953125 0.2925672453125 0.3521012765625 0.27895946718750003 0.3431372546875 0.2614379078125 0.3063725484375 0.223856209375 0.294117646875 0.223856209375 0.2794117640625 0.22875817031249998 0.276960784375 0.241830065625 0.311274509375 0.294117646875
3 0.4142156859375 0.5032679734375 0.43382352968750004 0.4852941171875 0.4828431375 0.41013071874999996 0.4828431375 0.33169934687499997 0.4607843140625 0.31535947656249996 0.40196078437500005 0.4673202609375 0.4044117640625 0.5032679734375 0.4142156859375 0.5032679734375
3 1 0.43300653593750005 0.9754901953124999 0.42973856250000003 0.9411764703125 0.4068627453125 0.909313725 0.366013071875 0.901960784375 0.34150326875000003 0.8799019609375 0.31535947656249996 0.8676470593750001 0.312091503125 0.8578431375 0.3267973859375 0.8578431375 0.3807189546875 0.8700980390625 0.3970588234375 0.91176470625 0.4232026140625 0.9240196078125 0.44281045781249995 1 0.4852941171875 1 0.43300653593750005
1 0.8186274515624999 0.6421568625 0.7671568625 0.5931372546875 0.7279411765625 0.5686274515624999 0.705882353125 0.562091503125 0.688725490625 0.571895425 0.669117646875 0.5866013078125001 0.7083333328125 0.614379084375 0.78676470625 0.653594771875 0.8186274515624999 0.6421568625
1 0.6200980390625 0.7467320265625 0.64460784375 0.7434640515625001 0.6568627453125 0.73039215625 0.6495098046875001 0.7124183000000001 0.615196078125 0.7009803921875 0.5857843140625 0.6666666671875 0.546568628125 0.6421568625 0.5245098046875001 0.6454248359375 0.5171568625 0.6552287578125 0.561274509375 0.686274509375 0.6078431375 0.740196078125 0.6200980390625 0.7467320265625
1 0.438725490625 0.7483660125 0.40931372499999996 0.7614379078125 0.38725490156250003 0.759803921875 0.419117646875 0.8267973859375 0.419117646875 0.85620915 0.47303921562499995 0.7859477125 0.438725490625 0.7483660125
1 0.8651960781250001 0.6454248359375 0.9142156859374999 0.6944444437499999 0.9607843140625001 0.7026143796875 0.9607843140625001 0.678104575 0.8651960781250001 0.6454248359375