3 0.1347656234375 0.32666015625 0.09375 0.43505859375 0.09179687656249999 0.46435546875 0.10351562343750001 0.47607421875 0.12890625 0.43505859375 0.15234375 0.32666015625 0.1533203125 0.2958984359375 0.1347656234375 0.32666015625
3 0.14453125 0.44677734375 0.1494140625 0.4248046859375 0.1416015625 0.427734375 0.1308593765625 0.45263671875 0.1308593765625 0.53759765625 0.11523437656249999 0.62841796875 0.11523437656249999 0.64306640625 0.13671875 0.66357421875 0.1503906234375 0.64892578125 0.1582031234375 0.61376953125 0.1542968765625 0.50537109375 0.14453125 0.44677734375
3 0.1777343765625 0.62841796875 0.1738281234375 0.66064453125 0.19921875 0.66943359375 0.2714843765625 0.52001953125 0.2705078125 0.5009765640625 0.2236328125 0.55078125 0.1777343765625 0.62841796875
3 0.29296875 0.51708984375 0.2832031234375 0.48193359375 0.2763671875 0.4775390640625 0.26953125 0.63134765625 0.2734375 0.67822265625 0.2871093765625 0.69873046875 0.2988281234375 0.69287109375 0.3066406234375 0.66943359375 0.3066406234375 0.64013671875 0.29296875 0.51708984375
3 0.4404296875 0.52734375 0.4121093765625 0.66357421875 0.4160156234375 0.68994140625 0.4316406234375 0.69580078125 0.44140625 0.68994140625 0.4472656234375 0.66650390625 0.44921875 0.54931640625 0.4404296875 0.52734375
3 0.0810546875 0.275390625 0.07421875 0.29443359375 0.07226562343750001 0.40869140625 0.08398437656249999 0.44384765625 0.08984375 0.44384765625 0.1015625 0.41162109375 0.1015625 0.35888671875 0.09375 0.30908203125 0.0810546875 0.275390625
3 0.09179687656249999 0.64306640625 0.0986328125 0.6591796859375 0.11132812343750001 0.66064453125 0.12109375 0.59033203125 0.1064453125 0.5185546859375 0.09570312343750001 0.53759765625 0.09179687656249999 0.64306640625
3 0.21484375 0.70458984375 0.2158203125 0.720703125 0.2480468765625 0.72216796875 0.2636718765625 0.62548828125 0.2607421875 0.5888671859375 0.25390625 0.59326171875 0.21484375 0.70458984375
3 0.62890625 0.24169921875 0.6269531234375 0.32958984375 0.6347656234375 0.35595703125 0.6464843765625 0.36767578125 0.65625 0.35302734375 0.65625 0.33544921875 0.6376953125 0.22265625 0.62890625 0.24169921875
3 0.6777343765625 0.39404296875 0.7011718765625 0.43212890625 0.7089843765625 0.38818359375 0.6689453125 0.2578125 0.6640625 0.30322265625 0.6777343765625 0.39404296875
3 0.8662109375 0.3515625 0.84375 0.37646484375 0.8125 0.44384765625 0.80859375 0.48193359375 0.8183593765625 0.49365234375 0.828125 0.48486328125 0.8496093765625 0.42626953125 0.8691406234375 0.36181640625 0.8662109375 0.3515625
3 0.74609375 0.56689453125 0.7421875 0.52294921875 0.7314453125 0.4892578140625 0.7011718765625 0.66650390625 0.7011718765625 0.68701171875 0.7128906234375 0.69287109375 0.7265625 0.68115234375 0.7255859375 0.66796875 0.7421875 0.66064453125 0.74609375 0.56689453125
3 0.63671875 0.59033203125 0.62890625 0.59619140625 0.62890625 0.63134765625 0.63671875 0.65478515625 0.6542968765625 0.64013671875 0.6904296875 0.4951171859375 0.65234375 0.54638671875 0.63671875 0.59033203125
3 0.91015625 0.50244140625 0.91015625 0.54931640625 0.9199218765625 0.60205078125 0.9296875 0.60498046875 0.94140625 0.54345703125 0.9462890625 0.38671875 0.9316406234375 0.41455078125 0.91015625 0.50244140625
3 0.8828125 0.37060546875 0.87109375 0.41162109375 0.8730468765625 0.52294921875 0.8613281234375 0.54931640625 0.85546875 0.59619140625 0.8652343765625 0.60205078125 0.87109375 0.59912109375 0.88671875 0.51123046875 0.8916015625 0.3662109359375 0.8828125 0.37060546875
3 0.33203125 0.42333984375 0.33203125 0.50537109375 0.3496093765625 0.55810546875 0.3535156234375 0.61376953125 0.359375 0.61962890625 0.3613281234375 0.50537109375 0.3515625 0.43798828125 0.3369140625 0.416015625 0.33203125 0.42333984375