1 0.5488281234375 0.338671875 0.5458984375 0.31875 0.421875 0.49191706718750006 0.41796875 0.516436296875 0.4287109375 0.5302283640625001 0.4375 0.5286959125 0.4863281234375 0.44287860468750007 0.5009765625 0.435216346875 0.5390625 0.3693209125 0.5488281234375 0.338671875
3 0.3603515625 0.4597355765625 0.359375 0.47352764374999995 0.4199218765625 0.5930588953125 0.4785156234375 0.6635516828125 0.5 0.7432391828125 0.5 0.71259014375 0.4765625 0.6114483171875 0.3994140625 0.49651442343749996 0.3603515625 0.4597355765625
3 0.2597656234375 0.39384014375 0.3056640625 0.47506009687499995 0.3496093765625 0.519501203125 0.34765625 0.4765925484375 0.2451171875 0.3126201921875 0.2421875 0.3448016828125 0.2597656234375 0.39384014375
3 0.28515625 0.3448016828125 0.3095703125 0.3800480765625 0.3720703125 0.4474759609375 0.4238281234375 0.4765925484375 0.4199218765625 0.44287860468750007 0.3974609375 0.4137620203125 0.27734375 0.31415264375 0.28515625 0.3448016828125
1 0.5478515625 0.355528846875 0.546875 0.3693209125 0.5703125 0.40303485625 0.5839843765625 0.43368389531249996 0.5878906234375 0.4643329328125 0.59375 0.4673978359375 0.6113281234375 0.44594351093749995 0.6074218765625 0.4214242796875 0.5810546875 0.37391826875 0.5478515625 0.355528846875
3 0.8496093765625 0.47046274062500004 0.8515625 0.4275540875 0.8466796875 0.4137620203125 0.8378906234375 0.4214242796875 0.8222656234375 0.49191706718750006 0.796875 0.5562800484375 0.7421875 0.654356971875 0.73046875 0.7279146640625 0.73046875 0.7463040875 0.7363281234375 0.7493689890625 0.75390625 0.6942007203125 0.8066406234375 0.620643028125 0.8300781234375 0.5624098562500001 0.8496093765625 0.47046274062500004
3 0.5341796875 0.4290865390625 0.54296875 0.724849759375 0.5546875 0.780018028125 0.5625 0.7830829328125 0.5703125 0.72178485625 0.56640625 0.5624098562500001 0.5488281234375 0.45513822031249995 0.5341796875 0.4290865390625
3 0.5078125 0.519501203125 0.53125 0.574669471875 0.5449218765625 0.5869290875 0.5410156234375 0.5225661046875001 0.4873046875 0.44441105625 0.4863281234375 0.4643329328125 0.5078125 0.519501203125
3 0.5673828125 0.5731370203124999 0.5703125 0.6850060109375 0.58984375 0.737109375 0.6015625 0.7064603359375 0.6015625 0.654356971875 0.58984375 0.6114483171875 0.5673828125 0.5731370203124999
3 0.9892578125 0.7233173078124999 0.9189453125 0.760096153125 0.8964843765625 0.789212740625 0.8808593765625 0.8321213953125 0.87890625 0.8658353359375001 0.9003906234375 0.8689002406249999 0.9394531234375 0.780018028125 0.9775390625 0.7570312515625 0.9902343765625 0.737109375 0.9892578125 0.7233173078124999
3 0.8535156234375 0.6420973562500001 0.84150326875 0.83076923125 0.8643790843750001 0.8179487171875 0.875 0.6512920671875 0.8574218765625 0.5930588953125 0.8447265625 0.579266825 0.8535156234375 0.6420973562500001
3 0.67578125 0.335606971875 0.68359375 0.360126203125 0.69140625 0.360126203125 0.6972656234375 0.3478665875 0.69140625 0.2528545671875 0.6767578125 0.2084134609375 0.67578125 0.335606971875
3 0.7050781234375 0.596123796875 0.69921875 0.629837740625 0.7011718765625 0.6880709125 0.7109375 0.72178485625 0.71875 0.7279146640625 0.734375 0.7064603359375 0.7207031234375 0.6359675484375 0.7216796875 0.5578125 0.7050781234375 0.596123796875