3 0.4238281234375 0.20654296875 0.4345703125 0.140625 0.38671875 0.21240234375 0.3496093765625 0.28564453125 0.33203125 0.33837890625 0.32421875 0.38232421875 0.3183593765625 0.51416015625 0.3183593765625 0.61962890625 0.32421875 0.61962890625 0.3339843765625 0.55810546875 0.3671875 0.47607421875 0.3769531234375 0.33544921875 0.4238281234375 0.20654296875
3 0.7080078125 0.5390625 0.7167968765625 0.52587890625 0.73046875 0.47021484375 0.734375 0.42041015625 0.7519531234375 0.35888671875 0.80859375 0.22705078125 0.8125 0.16259765625 0.8076171875 0.1435546859375 0.7988281234375 0.15380859375 0.79296875 0.19482421875 0.7753906234375 0.23583984375 0.7109375 0.32666015625 0.6894531234375 0.40283203125 0.6875 0.43505859375 0.6582031234375 0.49072265625 0.6640625 0.56982421875 0.6708984375 0.5859375 0.6796875 0.58447265625 0.6855468765625 0.57861328125 0.68359375 0.54052734375 0.6923828125 0.533203125 0.7080078125 0.5390625
3 0.16796875 0.60498046875 0.16015625 0.55810546875 0.1513671875 0.5419921859375 0.1386718765625 0.69580078125 0.11132812343750001 0.81005859375 0.1123046875 0.8349609359375 0.1328125 0.83642578125 0.1425781234375 0.83056640625 0.1542968765625 0.79833984375 0.1699218765625 0.71337890625 0.16796875 0.60498046875
3 0.0205078125 0.4599609359375 0.015625 0.47021484375 0.01953125 0.81298828125 0.0244140625 0.8349609359375 0.05078125 0.84521484375 0.06835937656249999 0.79833984375 0.0703125 0.74560546875 0.044921876562500004 0.54052734375 0.0205078125 0.4599609359375
3 0.421875 0.33837890625 0.4013671875 0.275390625 0.39453125 0.31494140625 0.4003906234375 0.44384765625 0.42578125 0.54931640625 0.44921875 0.59033203125 0.4667968765625 0.56689453125 0.4433593765625 0.45849609375 0.43359375 0.43798828125 0.421875 0.33837890625
0 0.90738398125 0.547615434375 0.872031828125 0.593639353125 0.88337164375 0.6123500484375 0.9026493312499999 0.6157519921875 0.94254023125 0.568123246875 0.98746210625 0.503670121875 0.98648554375 0.49341621562500004 0.95914179375 0.49341621562500004 0.90738398125 0.547615434375
3 0.6591796875 0.392578125 0.61328125 0.47314453125 0.6142578125 0.486328125 0.6503906234375 0.49658203125 0.6875 0.43505859375 0.6933593765625 0.38818359375 0.7158203125 0.3193359359375 0.6591796875 0.392578125
3 0.6767578125 0.708984375 0.6796875 0.72802734375 0.7089843765625 0.77197265625 0.7324218765625 0.82470703125 0.74609375 0.83349609375 0.7636718765625 0.81591796875 0.7480468765625 0.76904296875 0.7041015625 0.7177734359375 0.6767578125 0.708984375
3 0.3613281234375 0.95068359375 0.3652343765625 0.99755859375 0.3925781234375 1 0.3964843765625 0.98583984375 0.37890625 0.92431640625 0.3349609375 0.873046875 0.3613281234375 0.95068359375
3 0.3720703125 0.451171875 0.359375 0.52294921875 0.3681640625 0.544921875 0.3925781234375 0.54052734375 0.375 0.57275390625 0.3828125 0.59326171875 0.390625 0.59619140625 0.3974609375 0.5830078140625 0.4121093765625 0.57861328125 0.3847656234375 0.47607421875 0.3720703125 0.451171875
3 0.85620915 0.9681372546875 0.846405228125 0.9240196078125 0.8447712421875 0.8725490203125 0.8202614374999999 0.8676470593750001 0.8055555562500001 0.8161764703125 0.7973856203125 0.813725490625 0.7973856203125 0.8578431375 0.810457515625 0.9068627453125 0.8333333328125001 0.9460784312499999 0.85620915 0.9681372546875