3 0.234375 0.41162109375 0.234375 0.32373046875 0.2207031234375 0.27392578125 0.2207031234375 0.11572265625 0.2138671875 0.10253906406249999 0.2089843765625 0.11572265625 0.2128906234375 0.18603515625 0.1875 0.34423828125 0.1953125 0.47607421875 0.2089843765625 0.54345703125 0.24609375 0.64599609375 0.2841796875 0.703125 0.3154296875 0.732421875 0.32421875 0.73095703125 0.31640625 0.70166015625 0.2832031234375 0.64013671875 0.24609375 0.50537109375 0.234375 0.41162109375
3 0.6816406234375 0.47607421875 0.6933593765625 0.28271484375 0.6708984375 0.2314453140625 0.65625 0.29443359375 0.6484375 0.42919921875 0.6503906234375 0.53759765625 0.6621093765625 0.58740234375 0.6777343765625 0.61669921875 0.7080078125 0.650390625 0.7207031234375 0.65185546875 0.7324218765625 0.64013671875 0.69921875 0.60205078125 0.68359375 0.55517578125 0.6816406234375 0.47607421875
3 0.609375 0.29443359375 0.5986328125 0.2607421859375 0.58984375 0.36767578125 0.57421875 0.43212890625 0.57421875 0.52294921875 0.578125 0.53759765625 0.58984375 0.54638671875 0.5761718765625 0.56396484375 0.5761718765625 0.63720703125 0.59375 0.80712890625 0.6015625 0.82763671875 0.61328125 0.83642578125 0.6171875 0.44384765625 0.6152343765625 0.41162109375 0.6035156234375 0.37646484375 0.609375 0.29443359375
3 0.7285156234375 0.43798828125 0.7099609375 0.328125 0.6894531234375 0.46435546875 0.69140625 0.57568359375 0.703125 0.60791015625 0.73046875 0.64306640625 0.7109375 0.66064453125 0.7363281234375 0.73974609375 0.7753906234375 0.81298828125 0.7871093765625 0.82177734375 0.78125 0.77490234375 0.7441406234375 0.64306640625 0.7324218765625 0.54931640625 0.7285156234375 0.43798828125
1 0.4833984375 0.8203125 0.4511718765625 0.81005859375 0.4550781234375 0.86572265625 0.4765625 0.96240234375 0.4990234375 0.9990234359375 0.52734375 0.99755859375 0.5019531234375 0.89794921875 0.5019531234375 0.80419921875 0.4794921875 0.7880859359375 0.4833984375 0.8203125
1 0.16015625 0.86279296875 0.15234375 0.97705078125 0.1533203125 0.9990234359375 0.1875 1 0.2011718765625 0.92431640625 0.2011718765625 0.88623046875 0.1923828125 0.85546875 0.16015625 0.86279296875
1 0.3154296875 0.83203125 0.3027343765625 0.84228515625 0.3183593765625 0.85107421875 0.3261718765625 0.88037109375 0.3046875 0.90966796875 0.2871093765625 0.97119140625 0.2910156234375 0.97998046875 0.3310546875 0.9638671859375 0.3417968765625 0.93017578125 0.3359375 0.85693359375 0.3154296875 0.83203125
1 0.3603515625 0.7646484359375 0.3349609375 0.76171875 0.265625 0.68994140625 0.2734375 0.75439453125 0.2919921875 0.78515625 0.3212890625 0.80859375 0.3496093765625 0.81005859375 0.3818359375 0.7880859359375 0.38671875 0.76025390625 0.3779296875 0.7529296859375 0.3603515625 0.7646484359375
3 0.10351562343750001 0.33837890625 0.11523437656249999 0.11572265625 0.1015625 0.06298828125 0.09765625 0.00439453125 0.0888671875 0 0.08398437656249999 0.06005859375 0.0605468765625 0.13916015625 0.0605468765625 0.29150390625 0.08789062343750001 0.32373046875 0.0605468765625 0.33837890625 0.0605468765625 0.41748046875 0.0703125 0.50244140625 0.09375 0.58740234375 0.1123046875 0.609375 0.1269531234375 0.61083984375 0.12890625 0.59912109375 0.11132812343750001 0.56103515625 0.10546875 0.49365234375 0.10351562343750001 0.33837890625
3 0.1845703125 0 0.14453125 0.00146484375 0.1308593765625 0.17724609375 0.1347656234375 0.31494140625 0.14453125 0.34716796875 0.1513671875 0.357421875 0.1621093765625 0.35595703125 0.171875 0.34423828125 0.16015625 0.32666015625 0.16015625 0.27978515625 0.1845703125 0
1 0.18359375 0.76318359375 0.203125 0.90087890625 0.2324218765625 0.98876953125 0.2392578125 0.9990234359375 0.2675781234375 0.99755859375 0.2265625 0.79541015625 0.22265625 0.71630859375 0.1884765625 0.673828125 0.18359375 0.76318359375
3 0.5146484375 0.4921875 0.48828125 0.43212890625 0.47265625 0.31201171875 0.4707031234375 0.20654296875 0.45703125 0.13330078125 0.4482421875 0.1171875 0.4316406234375 0.19775390625 0.4316406234375 0.27392578125 0.42578125 0.28564453125 0.42578125 0.33251953125 0.4453125 0.44384765625 0.4667968765625 0.49072265625 0.4990234375 0.533203125 0.5458984375 0.556640625 0.578125 0.55517578125 0.5839843765625 0.55224609375 0.5810546875 0.544921875 0.5341796875 0.515625 0.5146484375 0.4921875
3 0.4443359375 0.4482421859375 0.43359375 0.51123046875 0.43359375 0.59033203125 0.4453125 0.68994140625 0.46875 0.76904296875 0.4970703125 0.796875 0.515625 0.79833984375 0.4941406234375 0.76318359375 0.4765625 0.69580078125 0.4765625 0.50537109375 0.4443359375 0.4482421859375
1 0.7822265625 0.6708984359375 0.7441406234375 0.64013671875 0.7626953125 0.7060546859375 0.8125 0.71044921875 0.8505859375 0.697265625 0.85546875 0.68408203125 0.8427734375 0.6708984359375 0.7822265625 0.6708984359375
3 0.2675781234375 0.41162109375 0.25 0.36474609375 0.2441406234375 0.31787109375 0.2353515625 0.3193359359375 0.234375 0.41162109375 0.2421875 0.44677734375 0.2724609375 0.4775390640625 0.3144531234375 0.48486328125 0.3271484375 0.4775390640625 0.3300781234375 0.46435546875 0.2861328125 0.439453125 0.2675781234375 0.41162109375
3 0.0234375 0.35595703125 0.01953125 0.46142578125 0.0458984375 0.5185546859375 0.0634765625 0.5390625 0.08007812343750001 0.54052734375 0.05078125 0.47021484375 0.0292968765625 0.32666015625 0.0166015625 0.31640625 0.0234375 0.35595703125
3 0.43359375 0.40283203125 0.4248046875 0.333984375 0.3837890625 0.3837890640625 0.3339843765625 0.46435546875 0.3203125 0.50244140625 0.279347775 0.6355161890625001 0.30262675625 0.6285324921875 0.3701171875 0.498046875 0.38671875 0.46435546875 0.43359375 0.40283203125
3 0.43359375 0.51416015625 0.4208984375 0.509765625 0.41015625 0.52001953125 0.4082031234375 0.56982421875 0.43359375 0.65185546875 0.41015625 0.63427734375 0.4160156234375 0.71044921875 0.4296875 0.76318359375 0.4541015625 0.7998046859375 0.4785156234375 0.81591796875 0.4785156234375 0.79833984375 0.4550781234375 0.73681640625 0.4355468765625 0.65185546875 0.43359375 0.51416015625
3 0.25 0.77490234375 0.2636718765625 0.78662109375 0.2636718765625 0.68115234375 0.2294921875 0.6123046859375 0.2363281234375 0.72216796875 0.25 0.77490234375
1 0.1140658453125 0.5206553921875 0.115292359375 0.54825196875 0.12265144531250001 0.5721689999999999 0.1287840203125 0.59608603125 0.1287840203125 0.614483746875 0.1005741859375 0.6034451171875 0.091988584375 0.58872694375 0.087082528125 0.6052848890625 0.0968946421875 0.6420803234375 0.1091597875 0.6770359859374999 0.1287840203125 0.697273475 0.14840825 0.7009530171875 0.17907111250000002 0.7009530171875 0.1901097421875 0.6899143875 0.17907111250000002 0.675196215625 0.161899909375 0.6623178140625 0.1447287078125 0.654958725 0.13123704687499999 0.6384007796875 0.1324635625 0.6052848890625 0.13491659218750002 0.5776883140625 0.1324635625 0.5611303703125 0.1324635625 0.52985425 0.1373696203125 0.50593721875 0.1385961359375 0.44706452499999993 0.1435021921875 0.426827034375 0.1496347640625 0.3937111453125 0.1373696203125 0.3789929703125 0.126330990625 0.3771531984375 0.1091597875 0.36427479687500003 0.10670675781250001 0.40291000312499997 0.1091597875 0.4433849796875 0.1091597875 0.4875395 0.1140658453125 0.5206553921875