1 0.615234375 0.6389745375 0.65625 0.7716735406249999 0.666015625 0.6937849953125 0.6484375 0.60435740625 0.6416015625 0.5942607453125001 0.615234375 0.6389745375
1 0.5898437515625 0.3504984484375 0.583984375 0.2812641859375 0.5751953125 0.2769370453125 0.556640625 0.3043422734375 0.552734375 0.3389594046875 0.603515625 0.5755097984375 0.6103515625 0.5913759828125 0.6171875 0.589933603125 0.6289062484375 0.5726250390625001 0.6328125 0.5466621890625001 0.623046875 0.48031269062500004 0.5898437515625 0.3504984484375
3 0.234375 0.27837942656250003 0.2382812484375 0.1370261421875 0.23994675625 0.0957140796875 0.231189575 0.005173734375 0.20491803281249998 0.023281803125 0.19966372500000001 0.08277974375 0.212890625 0.38223081875 0.234375 0.4399260359375 0.314453125 0.5610859953125 0.310546875 0.51781458125 0.251953125 0.4168479484375 0.2421875 0.38223081875 0.234375 0.27837942656250003
3 0.7304687515625 0.4168479484375 0.740234375 0.411078428125 0.7421875 0.39953938437500003 0.734375 0.3937698625 0.7431640625 0.3952122421875 0.75 0.3764612984375 0.7578125 0.3187660796875 0.7548828125 0.305784653125 0.75 0.32453560000000004 0.744140625 0.2928032296875 0.75 0.2610708625 0.75 0.2091451640625 0.744140625 0.20337564375 0.75 0.1889518375 0.744140625 0.17741279375000002 0.7470703125 0.16731613125 0.7578125 0.16587375 0.744140625 0.1572194703125 0.7460937515625 0.11394805625 0.7529296875 0.10962091562500001 0.7568359375 0.12115995625 0.755859375 0.1081785328125 0.763671875 0.0995242515625 0.755859375 0.09375472812499999 0.7607421875 0.083658065625 0.751953125 0.0879852078125 0.7529296875 0.10385139218749999 0.7460937515625 0.09086996875 0.7490234375 0.037501890625 0.740234375 0.04471379375 0.7421875 0.0966394890625 0.736328125 0.0966394890625 0.7265625 0.15433470625 0.7265625 0.22356896874999999 0.7148437515625 0.2899184703125 0.7109375 0.40530890625 0.6953125 0.445695559375 0.6445312484375 0.5293536249999999 0.6289062484375 0.5726250390625001 0.578125 0.6418593 0.5820312484375 0.6533983437499999 0.6162109375 0.6288778734375 0.716796875 0.47165840625 0.734375 0.42261747187500004 0.7304687515625 0.4168479484375
3 0.810546875 0.2668403828125 0.830078125 0.139910903125 0.8095703125 0.12692947968749999 0.7851562484375 0.212029925 0.779296875 0.3158813171875 0.8046875 0.4139631890625 0.8109149515625 0.509612796875 0.7951520249999999 0.5535895375 0.7426089390625 0.6182612109375001 0.8354350578125 0.5354814671875 0.826171875 0.408193665625 0.826171875 0.388000340625 0.8125 0.321650840625 0.810546875 0.2668403828125
3 0.3203125 0.4139631890625 0.322265625 0.51781458125 0.341796875 0.6187812125 0.373046875 0.6851307125 0.365234375 0.748595453125 0.369140625 0.7889821046875001 0.392578125 0.67647643125 0.353515625 0.5697402765625 0.3466796875 0.3807884375 0.3203125 0.4139631890625
3 0.5429687515625 0.46011936249999996 0.5322265625 0.3404017875 0.5263671875 0.3404017875 0.509765625 0.373576534375 0.5117187515625 0.520699340625 0.4960937515625 0.5351231453125 0.482421875 0.601472646875 0.484375 0.6966697546875 0.4921875 0.725517365625 0.5039062484375 0.7284021265625 0.509765625 0.7197478421875 0.501953125 0.7024392781250001 0.505859375 0.6187812125 0.5429687515625 0.46011936249999996
3 0.421875 0.5264688640624999 0.4267578125 0.533680765625 0.498046875 0.532238384375 0.515625 0.5235841015625 0.5107421875 0.499063634375 0.4443359375 0.5106026781249999 0.421875 0.5264688640624999
3 0.7021484375 0.4932941140625 0.689453125 0.5062755375 0.6757812484375 0.54089266875 0.673828125 0.6447440609374999 0.6523437515625 0.7976363875 0.6552734375 0.8106178109375 0.662109375 0.8091754312500001 0.685546875 0.7370564093749999 0.705078125 0.62743549375 0.7070312484375 0.5062755375 0.7021484375 0.4932941140625
3 0.7148437515625 0.1456804265625 0.7177734375 0.072119021875 0.6953125 0.12548710000000002 0.6679687515625 0.32453560000000004 0.6679687515625 0.45146507968750005 0.669921875 0.4745431671875 0.677734375 0.4745431671875 0.701171875 0.4283869921875 0.703125 0.32742036093750004 0.7226562484375 0.20049088125 0.7148437515625 0.1456804265625
3 0.4541015625 0.30289989375 0.435546875 0.3476136875 0.4453125 0.4024241453125 0.443359375 0.5062755375 0.451171875 0.5091602984375 0.466796875 0.5033907765625 0.46875 0.43704127656249997 0.466796875 0.3678070140625 0.4541015625 0.30289989375
3 0.6728515625 0.0778885453125 0.646484375 0.17741279375000002 0.654296875 0.25241657812499996 0.6757812484375 0.27837942656250003 0.6796875 0.22068420781250003 0.673828125 0.15433470625 0.6796875 0.0851004453125 0.6728515625 0.0778885453125
3 0.4960937515625 0.0129814234375 0.5 0.0966394890625 0.494140625 0.1831823171875 0.4960937515625 0.263955621875 0.501953125 0.2841489484375 0.5273437515625 0.1226023390625 0.525390625 0.0706766421875 0.5068359375 0.0086542828125 0.4960937515625 0.0129814234375