3 0.7824880984375 0.3642578125 0.7913131515625 0.3232421875 0.7942548375 0.1748046875 0.785429784375 0.1533203125 0.767779675 0.1474609375 0.764837990625 0.1142578125 0.7324794625 0.0830078125 0.7177710375 0.0185546875 0.70453345625 0.009765625 0.6971792453125001 0.0166015625 0.7089459859375 0.0830078125 0.685412509375 0.1513671875 0.685412509375 0.2294921875 0.7001209312500001 0.3056640625 0.6883541921874999 0.3837890625 0.6707040828124999 0.4306640625 0.6001036562500001 0.4892578125 0.60451618125 0.5 0.6412872390625 0.4990234375 0.6809999796875 0.486328125 0.7177710375 0.4619140625 0.7442461984375 0.4326171875 0.7824880984375 0.3642578125
1 0.8442634734375 0.6982421875 0.853088528125 0.6474609375 0.83838010625 0.5439453125 0.822200840625 0.533203125 0.783958940625 0.53515625 0.78101725625 0.52734375 0.764837990625 0.5302734375 0.779546415625 0.6318359375 0.7766047296874999 0.6826171875 0.764837990625 0.7392578125 0.726596090625 0.8310546875 0.7236544078125 0.8818359375 0.7324794625 0.8818359375 0.767779675 0.8427734375 0.785429784375 0.7998046875 0.820729996875 0.7490234375 0.8442634734375 0.6982421875
1 0.8413217906250001 0.7626953125 0.836180134375 0.7282654765625 0.82388336875 0.6972407140625 0.789452421875 0.6433556 0.7230498828125 0.6384569546875001 0.71321246875 0.6629501875 0.7525621234375001 0.772353296875 0.7648588890625 0.8425672328125 0.7383628296875 0.9052734375 0.7089459859375 0.9404296875 0.7001209312500001 0.9638671875 0.7060043 0.9697265625 0.779546415625 0.9306640625 0.8119049437499999 0.8955078125 0.8413217906250001 0.8056640625 0.8413217906250001 0.7626953125
3 0.30887688281250003 0.2431640625 0.279460034375 0.0712890625 0.2441598203125 0.0341796875 0.2235680296875 0.0263671875 0.21033044687500002 0.005859375 0.15443843906250002 0.00390625 0.141200859375 0.0166015625 0.141200859375 0.0380859375 0.1823844453125 0.1552734375 0.19709286718750002 0.2373046875 0.20591792187500002 0.3505859375 0.1912094984375 0.4033203125 0.20297623593749997 0.4072265625 0.23239308125 0.3896484375 0.26180992812500004 0.3408203125 0.30887688281250003 0.3095703125 0.30887688281250003 0.2431640625
3 0.6001036562500001 0.0087890625 0.5927494421875 0.00390625 0.50596975 0.0068359375 0.5177364859375 0.2392578125 0.5236198546875 0.2822265625 0.5353865953125 0.2841796875 0.558920071875 0.2646484375 0.5795118625 0.1982421875 0.6030453390625 0.0537109375 0.6001036562500001 0.0087890625
1 0.22062634375 0.6845703125 0.13237580625 0.5810546875 0.12060906874999999 0.5517578125 0.12355075156249999 0.5341796875 0.10737148593750001 0.53125 0.079425484375 0.5458984375 0.14414254531249998 0.6298828125 0.141200859375 0.6923828125 0.12355075156249999 0.7373046875 0.1264924375 0.7451171875 0.135317490625 0.7451171875 0.17061770468749998 0.7177734375 0.185326128125 0.6767578125 0.19268033906249998 0.673828125 0.22062634375 0.6845703125
1 0.5780410203125 0.787109375 0.54715333125 0.8076171875 0.5412699625 0.8232421875 0.5853952312499999 0.8857421875 0.6354038703125 0.9111328125 0.647170609375 0.9013671875 0.6118703937500001 0.8603515625 0.5853952312499999 0.7880859375 0.5780410203125 0.787109375
3 0.57362849375 0.4404296875 0.54715333125 0.3896484375 0.5074405890625 0.357421875 0.4677278484375 0.4189453125 0.4647861640625 0.4365234375 0.5295032234375 0.6142578125 0.5339157515624999 0.619140625 0.567745125 0.6181640625 0.5927494421875 0.61328125 0.5971619703125 0.6064453125 0.5971619703125 0.5537109375 0.57362849375 0.4404296875
3 0.689825034375 0.486328125 0.620695446875 0.5048828125 0.620695446875 0.5830078125 0.6030453390625 0.6318359375 0.61039955 0.640625 0.6236371296875001 0.6396484375 0.6589373468749999 0.6162109375 0.6824708234375 0.5791015625 0.6971792453125001 0.5224609375 0.689825034375 0.486328125
3 0.61039955 0.234375 0.6030453390625 0.2880859375 0.57362849375 0.3291015625 0.5706868078125 0.3662109375 0.6089287078125001 0.4697265625 0.6177537609375 0.4716796875 0.6412872390625 0.4599609375 0.6736457687499999 0.4267578125 0.6795291375 0.3798828125 0.61039955 0.234375
3 0.2662224546875 0.34765625 0.241218134375 0.3759765625 0.2382764515625 0.4951171875 0.2294513984375 0.5244140625 0.2294513984375 0.5458984375 0.241218134375 0.5537109375 0.25886824375 0.5458984375 0.2882850890625 0.5107421875 0.30593519687500004 0.4501953125 0.2662224546875 0.34765625