1 0.53125 0.47244357499999995 0.51953125 0.39638454843750004 0.51171875 0.258893228125 0.48828125 0.1331032984375 0.494140625 0.1038498265625 0.482421875 0.010238715625 0.4462890625 0.002925346875 0.44140625 0.019014757812499998 0.447265625 0.12140190937499999 0.47265625 0.25304253593750003 0.501953125 0.46366753593750004 0.515625 0.5046223953125 0.5498046875 0.5616666671874999 0.576171875 0.5719053828125 0.576171875 0.56020399375 0.5654296875 0.5528906250000001 0.546875 0.5192491312499999 0.53125 0.47244357499999995
1 0.771484375 0.495846353125 0.759765625 0.299848090625 0.76171875 0.23549045156249998 0.7568359375 0.23110243125 0.7265625 0.41393663125 0.734375 0.5133984375 0.748046875 0.577756075 0.779296875 0.668441840625 0.7880859375 0.6845312484375 0.796875 0.685993925 0.796875 0.700620659375 0.8056640625 0.713784721875 0.8408203125 0.7488888890625 0.896484375 0.7766796859375 0.8994140625 0.7664409734375 0.8408203125 0.71671006875 0.806640625 0.6713671859375 0.771484375 0.495846353125
1 0.205078125 0.0775217015625 0.1845703125 0.05850694375 0.1630859375 0.05850694375 0.1640625 0.1506553828125 0.173828125 0.200386284375 0.177734375 0.30862413125 0.1953125 0.451966146875 0.2060546875 0.47683159843749995 0.234375 0.495846353125 0.2109375 0.4402647578125 0.2109375 0.364205728125 0.197265625 0.1916102421875 0.205078125 0.0775217015625
1 0.3212890625 0.587994790625 0.318359375 0.6070095484375 0.32421875 0.6596657984375 0.322265625 0.7649782984375 0.33203125 0.858589409375 0.33984375 0.8644401046875 0.34765625 0.615785590625 0.345703125 0.5923828140625 0.3369140625 0.5821440984375 0.3212890625 0.587994790625
1 0.3720703125 0.1579687515625 0.365234375 0.3378776046875 0.37890625 0.437339409375 0.404296875 0.5133984375 0.4267578125 0.549965278125 0.431640625 0.5485026046875 0.3984375 0.44904079843750005 0.392578125 0.37298177187500003 0.376953125 0.28522135312499997 0.3720703125 0.1579687515625
1 0.380859375 0.3115494796875 0.421875 0.3993098953125 0.4541015625 0.4534288203125 0.462890625 0.45781684062499994 0.390625 0.2559678828125 0.3837890625 0.1755208328125 0.375 0.23549045156249998 0.380859375 0.3115494796875
1 0.240234375 0.33495225781250004 0.2119140625 0.3305642359375 0.20703125 0.3408029515625 0.212890625 0.42856336875 0.220703125 0.469518228125 0.232421875 0.489995659375 0.232421875 0.5250998265625 0.255859375 0.6011588531250001 0.271484375 0.706471353125 0.271484375 0.7562022578125001 0.279296875 0.7649782984375 0.287109375 0.662591146875 0.267578125 0.5485026046875 0.244140625 0.45489149375000004 0.240234375 0.33495225781250004
1 0.2998046875 0.2983854171875 0.287109375 0.3554296859375 0.296875 0.4080859375 0.29296875 0.44904079843750005 0.302734375 0.469518228125 0.3125 0.42563802031250003 0.3125 0.37590711718750003 0.30859375 0.32325086875000003 0.2998046875 0.2983854171875
1 0.548828125 0.7562022578125001 0.5390625 0.773754340625 0.54296875 0.773754340625 0.55859375 0.753276909375 0.5693359375 0.7050086796875 0.556640625 0.7181727421875 0.548828125 0.7562022578125001
1 0.55859375 0.542651909375 0.57421875 0.5572786468750001 0.568359375 0.516323784375 0.5400390625 0.43002604218749996 0.544921875 0.510473090625 0.55859375 0.542651909375
1 0.5595703125 0.570442709375 0.56640625 0.66551649375 0.5859375 0.6333376734375 0.5859375 0.6011588531250001 0.5771484375 0.5762934015625001 0.5595703125 0.570442709375
1 0.533203125 0.258893228125 0.533203125 0.32325086875000003 0.548828125 0.4080859375 0.560546875 0.451966146875 0.568359375 0.4607421859375 0.576171875 0.24426649375 0.5595703125 0.23110243125 0.5439453125 0.23110243125 0.533203125 0.258893228125
1 0.5615234375 0.6728298625 0.5498046875 0.67868055625 0.5341796875 0.67868055625 0.5107421875 0.661128471875 0.49609375 0.6040842015625 0.4951171875 0.5119357640625 0.482421875 0.5806814250000001 0.482421875 0.6187109375000001 0.4921875 0.668441840625 0.5244140625 0.7079340265625 0.5625 0.7093967015625 0.59765625 0.6713671859375 0.59375 0.6362630203124999 0.5869140625 0.631875 0.5615234375 0.6728298625
1 0.607421875 0.3612803828125 0.5966796875 0.3481163203125 0.587890625 0.41978732656249995 0.603515625 0.4987717015625 0.6015625 0.5923828140625 0.61328125 0.6304123265625 0.630859375 0.5689800359375 0.630859375 0.469518228125 0.619140625 0.3993098953125 0.607421875 0.3612803828125
1 0.32421875 0.18283420156250002 0.326171875 0.2325651046875 0.30859375 0.332026909375 0.3125 0.3554296859375 0.337890625 0.2559678828125 0.3369140625 0.166744790625 0.3310546875 0.166744790625 0.32421875 0.18283420156250002